110510
459624
22298
744291
155093
961582
262976
704737
30299
947716
954983
217294
870349
30274
754425
963429
811462
361088
965802
452380
164402
456565
519949
710481
902766
216113
169091
159698
290123
981171
851342
156361
671154
716456
879491
937090
656033
779265
552222
523291
72339
385711
432944
859463
571262
713406
447987
385918
356598
384075
716158
288133
825455
394275
190163
323861
843296
85242
60502
718123
604674
412933
644569
53228
58103
345012
451666
350578
95368
203919
554990
127799
49415
700588
334974
959068
420563
402634
600976
450071
70138
938190
521945
703736
232185
705047
405966
579478
522078
984128
256849
939162
535054
64497
682760
419559
749091
420258
964362
36005
735405
188590
627251
770473
150874
465488
885975
341826
725488
730876
872659
167587
784310
673628
2367
230056
487027
861221
451263
554439
999758
89558
124985
292308
311060
601485
479969
5040
582809
724294
159919
317839
976885
926832
951730
152165
107055
11886
276734
182829
487032
31911
665473
442710
27598
889418
255604
557834
153025
798049
504877
776859
239571
6545
30289
702733
981944
508460
235942
866362
602812
474483
46278
954086
569284
864491
715759
168032
421868
707482
113464
472337
844240
978718
869598
282788
789286
843435
121405
466002
170057
115359
250010
218440
801873
880260
99485
968376
722397
300129
1116
557049
178162
778173
821394
944476
315581
850289
71470
226188
382964
817833
707336
77793
997467
995767
916526
660993
268131
241683
588317
974451
685484
452467
457099
632834
540011
184643
727073
127818
677735
984962
250439
389410
397342
850169
584279
368613
366148
846936
809459
750367
911467
209902
553394
307409
639870
147460
374005
223969
92263
263127
407512
77538
861201
229105
765508
399867
39367
99939
11234
782390
449851
751969
705962
412327
451491
636666
770713
610359
974398
460914
265729
739212
476725
286525
806074
808343
737052
55258
882678
847865
490519
509066
589619
251090
496985
75949
536713
977192
25032
115959
835235
525681
220477
811795
437450
526590
643751
652884
277469
292036
972367
418324
876701
574983
530486
631979
271141
613604
527514
36238
888822
457532
353239
906305
369776
442041
695659
114810
259166
759678
159826
929940
9128
458095
417104
10028
244459
414170
387917
227164
958374
660288
60890
826706
549259
790788
973394
437516
681654
39919
289499
721266
562169
243166
408012
404047
441237
995081
860905
928429
90054
964464
712841
995277
377078
939619
48920
594816
349137
506926
931321
827941
325240
518240
336067
546432
678863
668983
75501
572595
588465
54442
197828
861915
248195
140115
88664
337161
75430
414774
606071
379931
465094
603634
552913
70519
83087
133315
618107
174947
788736
318321
936207
542468
842647
707416
277488
700913
917292
281749
945451
534196
18394
270410
627000
518877
203608
575311
617313
419650
223141
64693
159162
605526
296162
769976
208846
935588
384121
81344
119386
28457
700603
814548
916146
507596
787336
168668
776514
296379
588455
813777
68144
558179
165174
666371
446172
602635
415355
738502
394121
986254
822296
898234
195157
438643
786013
239286
574692
304491
7160
408209
196699
438182
241479
83276
432840
845138
54286
872991
691743
594929
468292
425246
260256
928853
495240
548808
309460
795643
506609
825773
305781
347906
668611
832121
902893
425542
798141
189536
747191
643613
955535
621928
904482
345134
431976
590862
729716
392681
331182
43926
575339
15398
598279
298802
145183
163166
820884
754702
454467
630528
20606
520438
603338
846257
427432
864165
257254
723299
360068
334699
90027
833681
186241
944314
495250
159636
184418
318925
511450
611941
579306
217140
246666
722096
979380
710465
791121
745937
690143
548425
332621
146029
46182
897175
731434
636527
241165
768307
460515
720094
205431
175434
684964
319064
442197
902714
426256
373934
190457
874940
807454
972443
170248
395375
602206
421217
881358
415357
606938
805122
907564
242220
460311
182616
351980
949059
850811
5905
608693
50262
941832
988811
482202
566321
820486
937224
988172
803677
359744
234446
959344
416785
850468
963678
263627
753145
821838
714318
836314
991963
15646
887173
273599
60076
36421
125011
764245
701358
253727
583787
82404
996804
271163
413886
983344
596180
220150
751860
214252
484439
931332
215497
265036
780224
555472
549890
553208
920454
196924
626763
58268
952144
934721
25263
422172
757884
231610
382515
667749
850124
825468
538511
949791
305774
918749
716874
994558
588711
144918
147953
848632
142555
897539
232563
809361
740475
177223
384156
90514
685451
1932
856748
285336
809679
452264
554772
73096
323473
727643
799884
201248
52946
169845
535124
798057
653131
478100
606213
729864
30686
111307
446866
717812
83614
116831
526177
744963
509432
822827
268864
25885
374204
406115
486725
47953
496332
793653
156231
571974
178207
993867
355058
961609
613682
624173
875851
219910
62733
832644
325697
900626
38702
123769
168876
697893
906836
524284
670885
250789
399657
822817
473601
459741
616716
846948
95274
104972
736443
33101
547420
622938
745882
846447
205689
147750
982882
807434
787146
245754
213161
236816
376211
774304
335241
235461
364818
435278
379824
710847
967443
712636
724036
891853
364851
662231
339121
639860
265967
44173
154576
677461
213608
661705
588597
646634
22517
500665
103125
894383
405797
368010
292562
726365
152528
497461
246949
557841
209624
454707
300263
77964
894657
439884
313148
598867
827690
370381
76700
918903
463976
181464
374399
798703
910846
937813
975333
814497
736954
715975
471935
168128
460654
579257
528893
122958
106186
261335
630453
16899
952403
618456
177581
793030
813634
242009
333701
724952
417531
68102
513092
781008
826024
591793
530493
653120
887282
335301
468445
465335
542812
783379
115028
233248
71676
198731
399006
269896
986966
346120
434861
303485
775574
227586
156277
58577
960618
770215
208339
414334
16442
278275
405723
342947
867141
406043
542461
430957
8345
771738
393810
492369
312238
184163
858889
376565
793632
679941
447721
313070
577736
458764
126402
243236
10550
605172
504500
731346
12364
686137
189339
631338
957882
321354
737430
1878
551697
370459
801970
845592
272902
368410
394296
575890
233094
950201
480976
202914
293488
173930
367505
860197
893428
982185
749734
589533
680710
903347
697118
902253
456446
46612
877071
959489
335887
569694
639848
59530
248545
475829
883730
336807
494926
231560
899587
736799
958646
809946
963039
967627
207040
40958
622730
87185
4205
34337
884111
686986
982682
261505
547686
695429
632210
31868
516261
804709
815373
750147
92038
582693
697610
496365
407761
309820
892484
37480
581222
849308
847892
934282
334633
20500
210978
699589
850890
690069
806409
275193
203503
41617
62215
704676
614785
577215
994909
791669
949584
195387
947017
226046
70756
110987
147998
49287
991009
341245
613309
679614
756693
148972
816306
449228
685154
593633
757869
907844
324739
333141
868635
752501
898876
245205
179296
7519
428322
851518
115891
412866
865412
764520
81367
680273
665269
84575
154738
564102
866615
355404
847563
170447
778758
667187
244517
32166
504446
184406
928434
799998
125993
8054
225590
364633
867945
773625
233274
585911
637375
148775
324200
710568
990325
648846
369290
490307
356398
700934
579738
288943
141576
480143
877189
670814
504619
791830
948353
144090
839089
118807
561223
937207
27122
307356
279791
394920
54506
786531
709928
583086
912585
683037
600592
206123
870104
602771
230838
373525
776451
360739
55145
657542
689351
676777
97981
839407
521401
74489
853978
959853
875376
487880
15936
597428
404816
27242
101979
663080
653364
637493
374078
401610
319159
986309
145663
124943
366559
643738
910448
789901
953511
157275
847157
791374
131816
598589
625415
113479
582307
811007
54532
450787
141741
519245
534256
79160
476023
848260
486540
715419
497529
999957
482257
299087
960763
829251
782153
835864
873664
683462
696779
65902
683791
438610
149521
715277
5215
837937
742391
538665
315422
286861
637266
99903
719646
419850
463275
728135
49309
377936
176727
697541
245615
89190
642804
625919
897802
135481
835138
375753
184110
435901
418203
210364
871983
315179
712080
871749
950048
754728
996130
366489
594142
828550
539354
769478
655670
202851
945606
461477
49716
460655
975696
684076
333257
598156
392252
28704
663640
729422
493565
30119
526109
663905
864565
680507
450618
338250
349960
734267
732128
726214
653339
750044
663894
68878
363503
266620
218537
403964
439380
596567
140720
725575
125451
789010
593915
729386
157500
295669
309912
365156
616976
900854
930497
186264
902828
94640
332837
672852
918603
719283
156753
592622
706423
272756
995899
854731
516580
963109
520875
298297
901161
79264
21575
689212
342684
118589
774521
809958
581448
200450
566143
203295
958157
980922
571854
386949
420885
542174
362404
729004
234862
360752
814057
811526
917833
862759
413569
532254
209934
760389
953201
973951
20762
49540
436203
612401
736982
602926
655095
264099
299829
922508
208320
150628
994506
346998
570745
804875
96067
258570
362538
32695
653254
489016
848283
520625
251942
900089
298779
358190
135554
428959
270061
69616
315194
871880
726672
493707
484047
670188
579562
358213
401622
80342
345552
386135
979097
277296
188212
742224
959114
930294
665644
424345
849893
933837
362011
243859
828705
898796
168894
223196
781906
874680
331797
172721
692766
372270
679980
202734
734105
668666
557828
983408
987840
726884
432035
527771
182223
487338
30453
633143
782847
430120
709150
464309
745248
650036
942429
375120
461070
898246
399070
468623
745747
910292
269532
979686
974425
154428
17520
880700
824394
262235
877179
726792
832134
990395
844269
920213
450752
807273
645743
234788
684534
18915
144947
329392
536459
785520
953365
468812
34306
690954
766254
695145
618201
724919
305782
84020
787136
638966
850835
382812
210484
90068
154114
882161
721533
259294
85473
883496
794432
526192
517078
127803
651073
657644
564000
654765
933881
302727
720440
758955
985424
465277
40355
403214
63032
407845
161815
10173
316390
534622
688839
20592
767084
301609
960909
363919
800887
881681
38899
278840
871779
47173
741407
588192
761526
622342
120088
161233
409088
477051
580089
517841
206285
448162
462513
854307
338372
399201
957107
973351
757791
614202
666049
829660
258631
872157
925329
396870
630155
957848
848345
486315
19261
307434
228476
252279
332457
941877
801424
64383
843315
399633
887115
996066
530444
413693
917707
698571
559696
216944
728255
754260
817088
504334
773237
653829
597591
375478
823296
756410
794442
229240
363909
183330
114657
574628
298851
636708
211565
426109
281276
687324
991141
938893
788004
881986
545569
642642
249190
757867
373554
659798
505389
430634
941980
714524
54358
303695
17841
406198
759183
268239
710539
445940
796716
534980
49125
844726
383302
902475
26838
516835
540368
600587
410028
190066
469112
760789
604065
944038
365365
575207
339836
482710
491699
609227
347655
614634
609689
400733
257769
655458
175539
793065
404447
896016
840769
119794
33435
681446
892443
604816
616697
990762
460735
220337
819546
383494
719673
576639
642911
833403
135661
734050
921028
802998
185988
481885
996118
200699
48881
943059
240210
440126
113951
503532
99868
864336
938361
947219
480217
755382
802197
72663
317545
190934
995134
548209
213892
731851
486044
676197
587248
452887
784514
362241
369308
142520
804564
611010
467357
390931
397395
458582
925634
917965
239943
646141
744981
285945
176136
46985
171313
177515
958568
806660
112187
724651
726144
467568
18558
252486
126294
240745
726695
746174
852328
889447
449561
69729
966296
342880
366062
462903
871091
396170
465932
919893
569951
595390
735711
910670
292001
666552
99256
81481
98249
506747
955778
755246
295163
436113
65692
626810
205082
848752
610008
564595
974674
538296
511184
641269
775106
368601
489375
151722
71493
653266
80515
722904
544092
392916
257165
949716
698233
622213
77506
614676
908650
151008
995346
629538
344992
414777
31858
871277
603356
976094
814360
355066
810229
36314
846739
828983
681992
723603
595588
307632
630972
792467
814781
152666
219248
95203
207092
429709
680836
225555
926691
981903
516353
638679
32256
746315
659366
192972
629076
176225
521168
77656
912826
99351
852356
545198
13879
164717
97308
640433
482928
247309
115085
394544
890060
45025
455121
606288
286567
996031
164149
781831
593135
512320
433217
33476
878239
564270
652543
884717
421782
556315
860714
122944
702035
318798
611445
909019
215183
632153
11508
487254
22135
148230
152811
616782
34053
939056
508018
704573
672698
776429
102657
761797
745274
262569
898206
436492
438020
47182
990432
821120
782604
505311
437086
680379
78966
461220
40633
988930
870193
63872
653571
10600
146286
620382
111371
953168
402748
325258
232071
750863
727746
890140
438044
61808
171544
708622
291340
230481
554690
699503
274364
130090
474057
658673
216417
455598
825080
222428
168775
349514
729008
785445
321406
147466
761704
451865
933537
36379
933765
961780
786308
492395
551890
984590
167097
839276
466844
842997
263487
182648
810605
875670
692872
810511
434467
878740
250918
992891
457836
831675
878673
162453
981855
862862
151831
756128
518010
302908
297504
223378
774836
843889
269277
515379
343487
221385
523917
501791
291548
360672
520044
402469
960218
457797
252472
748370
124396
347725
124960
667144
505894
755395
23372
781959
171860
564285
480771
720078
662775
220938
710333
869978
725469
143367
957638
793549
668380
518801
789324
722538
886378
995668
325
510845
285724
94530
41855
5336
175417
83296
712517
904311
786299
815802
687723
602949
325793
425143
953719
683256
591795
653127
473004
676439
688340
448312
923252
983323
85757
178152
567401
223859
421468
619285
383808
762402
682760
873681
9682
402116
886815
912913
896585
757806
654398
244132
271651
623666
149660
11200
899366
511233
614787
665527
644449
238380
682924
842057
835994
716867
650359
701268
885465
939934
306948
136167
704656
411834
636209
556020
324837
825210
318960
1571
50910
131663
353859
795907
71528
323763
311447
219547
518916
383695
834938
659679
746383
381309
803451
249790
46956
674471
254877
57240
630351
529358
919479
756493
293097
451623
311595
242865
733931
508320
5697
772892
483705
359616
659551
55581
977582
83308
239655
473806
18437
227333
727533
426626
179690
889775
771795
369563
439134
687533
816004
591225
324481
299560
970185
320717
694271
110159
249163
121163
919514
840919
328806
252798
807183
463652
751333
934005
440488
80768
688864
261019
426077
714631
479599
18532
185384
281766
500106
93028
493092
522744
980543
996986
336353
350287
575950
680297
593798
302996
559076
126022
51747
282310
609586
35469
491091
801182
831658
387983
521290
731923
75798
628167
254209
21305
348757
55818
484411
395973
84850
575964
152818
794987
413538
767967
783651
259752
521178
130982
8243
230044
621195
164391
660925
737423
633595
541071
120057
809940
941377
783600
472138
927882
262301
53077
42659
280447
848497
982711
272727
893488
974112
445704
455613
77804
253634
293868
485244
957143
771969
771271
678521
24009
933139
321585
219802
619862
670484
830342
638709
723241
650175
448923
655066
42953
625161
242251
648761
795326
18074
431279
535474
833996
566312
11180
282296
44446
666802
952101
540384
105086
180758
76945
146444
446657
495632
14504
661230
213184
214416
456248
849659
252160
716279
419540
540654
127155
442029
335787
385782
785368
904353
828214
363582
872061
818654
158923
649430
806501
534599
844751
989507
217540
861615
204553
34208
734439
149911
676753
23854
882928
834053
545447
546432
401599
366077
922527
110140
319533
596895
457466
6286
570674
226396
495633
236655
273190
385110
251691
925645
446628
757140
497709
585880
156811
370463
223537
941609
459230
99579
553967
398
103243
710405
178455
121270
736905
928550
922433
337398
60570
732465
770044
952118
191600
219295
478275
948539
935532
345892
647630
524561
68993
76141
656260
648852
562231
490553
979213
644315
923980
933585
736710
679426
105333
218853
901518
4115
588162
24197
987453
976272
427295
9529
842997
449312
15926
628029
930128
891604
682290
335644
869241
299796
76511
708903
755414
93354
108909
757458
786275
458923
286036
153772
467098
222397
569425
813498
988110
92810
933966
755950
701272
9536
365599
542153
976424
902337
264745
429642
612989
238446
690589
844881
811119
638603
547554
855189
676009
377487
18257
269183
949365
745547
117273
301665
748400
87028
905859
439318
962972
949071
92049
840118
976852
435896
947135
759990
386458
165966
9579
607323
634316
515006
92944
887449
983030
872043
839470
80460
371777
789879
562118
72274
983368
609905
77441
687939
130251
800411
997936
599502
712252
371222
187502
772017
752375
104172
556130
446420
863183
567418
604577
849027
617155
718264
780592
292166
504336
998247
128039
22943
880288
171478
367729
865760
209824
939152
671471
557606
215087
860197
533884
630454
986994
477971
846091
931634
170884
983634
649837
449079
773707
773433
40880
618134
691110
47376
797665
974958
2946
944243
820913
526115
394188
780895
101813
346493
471297
891932
636359
406943
536417
923911
865994
82913
943681
5435
116107
305741
207488
932444
899844
988689
956671
866874
181353
431735
990073
518982
253411
265616
369795
456048
644075
977928
692295
439158
355964
352686
787593
764845
801537
60195
387957
524287
278053
627183
115201
778834
986518
198509
934974
939722
274076
186727
839745
899812
557712
555580
858984
836931
690874
374526
977099
310600
359755
763032
533057
992090
86771
906028
613132
456773
764320
508987
640290
512062
420629
327230
30104
789445
868386
850897
288173
395427
855685
147599
973169
19667
941149
694457
617809
746429
368519
948047
297087
592925
921304
756161
459650
557122
155957
13055
667671
256307
730129
890989
153731
968556
468868
73522
50230
106502
186757
571824
322205
620148
79684
808910
407301
852457
429734
761840
320935
357207
366814
96712
497940
861395
276837
191110
538686
158997
738005
571371
20896
535067
4840
302779
900107
129836
143176
488017
429327
102842
222290
442060
4738
777313
829612
442407
630896
405004
842943
947559
712095
722422
544147
254445
153853
928206
160070
428203
562408
59060
564713
449203
527258
95713
856439
2347
474223
460579
978995
63261
664149
979525
683549
862379
144911
464525
443408
397472
870949
170910
361915
402721
501868
356222
524858
274050
650478
120818
692560
946677
556789
528326
501059
296477
686841
601321
561620
625024
538659
796660
132954
26843
742333
728459
516794
425488
448249
267420
875909
160507
142811
155269
61550
454818
902339
756946
598886
77834
387099
930276
734934
819046
756761
3117
406201
411883
545649
343447
600659
316863
592859
11460
749521
599183
25212
999984
779710
428288
105844
338099
17376
981501
210627
436003
527213
29423
513560
331863
667309
343563
262648
566214
754733
925636
888519
717965
668573
244258
409846
254223
807815
945515
481290
307447
629996
772029
834437
649945
262397
576957
365299
936182
40691
587562
781714
545822
265163
118411
310559
778480
779362
810951
343993
866045
828776
454867
337204
910411
960708
786437
664829
355253
219076
195848
676837
900655
749439
865832
124492
609960
48394
430477
537835
478088
871891
208901
578557
390809
517725
938426
916747
769282
35480
270659
818067
143533
325660
725461
72596
248330
184514
119770
375545
385133
228255
292122
466783
912211
853918
934870
793605
469890
528633
422516
52559
32590
173012
593684
710135
669495
166518
168576
265296
772912
179940
461250
806136
875195
108316
941584
525594
763759
701675
334755
991645
27292
636651
604902
717805
234501
193117
689609
145956
383499
420831
236212
881492
840939
62730
335321
339124
534238
425962
812962
808548
15263
108570
230410
683934
777033
900348
975560
288123
427486
656403
216805
284831
571172
880253
851822
608963
891817
915024
234118
410525
137256
758159
626515
528110
734212
218504
704984
164776
14705
912270
724195
468217
642418
935247
669533
976504
366268
270545
345151
83947
910010
583309
660964
521843
788202
666856
666745
139924
55525
661386
66000
509349
156795
432413
209876
935696
189692
749220
763863
365191
69204
411509
719047
617284
23502
587925
930816
758906
684473
715758
603963
759133
787048
205743
368099
771531
790162
856128
893576
763798
488282
112673
211501
849711
545706
706462
668795
926512
186360
482033
529689
28229
398123
212468
289683
933496
804438
414401
566775
886360
283682
911016
377343
928966
480459
486540
498984
865820
553281
102426
568609
24122
675502
28135
557727
300334
578327
117669
374669
11711
150364
19714
841249
336151
401561
687646
521482
735498
487151
252198
3205
540935
144989
443538
974927
546394
258183
254775
733749
240027
973785
969481
725639
349175
804101
39153
548971
805976
421096
514119
490893
862900
928522
695853
440692
689839
833668
537159
541040
510702
341436
671706
567280
509561
409164
328448
419760
486668
871489
732101
67215
681787
425663
127970
405950
72447
42946
421331
949332
604257
980863
514519
945215
474561
590185
718788
590294
874179
281039
731716
138057
187415
325922
68976
198138
582372
621525
73799
832036
628369
283933
602379
976889
606512
78808
992248
392971
2886
539786
201634
322272
48187
727042
937386
431400
151643
322523
442332
357962
424646
141598
85800
531866
500602
858053
415419
32744
460347
272474
232954
498
630493
972222
366427
646969
143342
39494
668895
798960
410626
817984
309680
903505
678107
640723
235667
247435
638965
834052
563593
764246
420588
9301
529928
213734
520139
560456
857169
935869
168818
754177
349678
792091
369443
384201
403594
826641
329385
349359
599148
245556
660581
471497
384209
929196
735798
392344
998758
613996
944964
139017
545695
689276
996074
592024
111223
868401
887166
372687
651204
709119
914877
678317
678006
559973
261400
968737
769388
548166
147157
839413
611250
478104
359652
965320
721819
422901
542463
973364
812792
443919
19836
399054
647474
353793
728370
937163
78601
83968
147526
123007
173161
276784
65105
708097
392934
513683
957167
879083
601813
61020
441383
129982
764806
24802
955570
544866
946273
52272
737130
327562
188316
591929
62608
211126
301974
207272
809402
321234
728979
10198
342359
465532
909077
648853
469088
489699
543187
251177
889693
182731
361880
44054
6033
263660
892475
740565
529220
119994
172919
215584
411627
18112
977062
810093
68149
920038
912607
448631
545780
832721
854440
739767
81319
859177
133274
730034
517728
425014
913040
834796
612310
744740
133771
713594
321801
837029
580838
108277
973198
676213
508144
943306
687734
410617
274347
26927
519455
344513
449056
411888
707222
135276
950429
736039
552807
297515
759501
487690
416516
282206
789746
865566
604110
232026
373633
46026
980162
281740
397657
679494
814787
373111
11234
415026
27392
342873
261503
652355
581505
76907
362735
871832
203540
87688
541253
532843
918734
629477
172546
449443
709952
745662
541900
264966
735224
660306
38157
379979
405040
95300
362091
854285
490584
941027
474911
160604
599547
343299
664756
657262
80656
680138
301982
632883
413792
766215
717557
800902
64526
630972
618636
76031
217160
385532
619762
891493
330057
94703
776261
263809
613896
319347
824813
898637
749184
928477
184636
171020
831005
336093
506976
293363
698176
392831
728579
299589
138351
990862
274752
849788
380828
667347
27265
365731
473360
403131
301113
446465
341364
991126
984187
649967
309116
967612
623798
653835
989169
698762
463885
497221
112025
862346
606679
554966
949316
862513
915760
68689
72310
835777
226938
463826
867756
590415
38964
464850
615245
894047
506228
247325
573230
44139
374660
720218
557890
537859
937431
581513
725149
179214
779943
693260
38755
336942
755436
797404
180305
805250
36858
800924
287335
61829
176504
624458
140017
775379
268280
509778
484785
887116
743928
290173
531243
191953
572980
639494
769677
702443
93158
435277
54520
39500
570268
943653
359471
788717
224307
966536
677915
144278
929781
663466
398392
435196
706381
566570
434464
359620
903523
827941
431666
868390
643096
532645
419679
840493
449183
555063
713105
952026
40758
366107
121463
40808
596672
485972
72113
152747
948673
697502
502613
722258
403061
52095
255260
582603
209741
270326
936749
39621
58055
984784
366851
146385
98921
178586
667773
982946
673369
779057
444930
901555
813852
523509
679758
683272
85481
37788
545758
529548
976681
344674
48756
845337
86926
920478
606343
797975
997069
254256
594059
233275
360249
189655
227352
604209
135422
52255
537594
87444
72502
863479
696660
65754
41579
188577
718257
253197
395498
231426
891497
963700
145152
462617
393772
433552
924052
134477
483502
738562
69600
352926
246959
218570
876749
31358
979557
809322
702827
457977
6281
494697
981450
923983
173243
394995
448504
886434
988947
586781
439255
954954
939013
352903
502745
283654
759920
617499
721691
37326
591875
621553
72027
730436
280012
88597
725336
56264
33759
124640
256645
776490
435551
583746
42665
725306
309420
182562
666326
448828
179433
586460
181123
250040
717288
131177
444232
966573
314101
810525
278070
105254
224508
342857
329809
845796
656920
232000
570156
192442
811704
46455
369695
317816
711792
251462
516454
15487
519898
699595
190425
703284
667879
166317
757891
83344
802630
213310
690146
972755
80238
743546
86523
912088
796428
96364
327383
334020
729156
146096
773853
499992
176294
609107
929613
656102
140719
872726
974487
752545
292729
783186
295382
530637
177088
819317
323372
93013
40017
778858
879418
729787
157009
524439
711996
988074
419879
300928
460288
93799
239815
291785
366657
251046
47004
500120
81892
24761
714513
508953
503886
932771
776509
152155
677088
451019
43753
679000
515472
404940
99070
702930
425637
840745
178960
627352
581775
602142
99009
773096
391712
487121
937427
699374
319531
950439
262990
242091
627575
291700
297034
15537
876320
442314
407002
126922
923019
774450
34005
653944
483780
809657
83202
859224
698870
613665
919455
972000
30342
503801
900302
462279
748364
680071
286877
165252
85230
6177
213680
85038
650139
543899
501645
12098
129569
379546
249604
560707
290860
665415
192377
89404
768540
394528
679056
586209
856641
653032
653363
802068
791158
523071
807875
13443
224535
546508
535576
683118
796256
987734
298807
900102
178787
572210
617935
718961
114086
466135
544752
789290
217175
255693
688009
501702
27564
249156
137116
25553
451419
804161
759680
268055
258931
966515
521810
957630
672662
261988
745914
531472
926931
985099
508757
463575
597284
96318
165636
591009
615553
477956
485520
177636
265246
736584
759672
290746
196296
560682
694490
623693
301720
28784
51194
260174
35281
165658
974065
599198
53020
976915
117556
530256
63325
522947
867072
611462
925681
471682
79199
915895
697158
182950
583706
652371
737560
950333
108988
623421
659332
135126
763454
956599
41610
764346
344084
429340
408420
690680
205651
727110
951677
147230
857789
953743
39184
91908
91371
686261
560158
973122
937813
144215
265035
880577
366209
27356
694742
477295
941510
196979
528051
537548
594876
299444
933831
214498
140099
589030
599872
102033
59500
310362
794062
460680
341703
612596
728769
267664
534666
83209
238592
560386
277018
184036
402467
284697
143545
602531
220910
771362
456013
722367
158635
11088
289161
454057
524835
25196
712186
559951
396152
563561
718256
631933
724898
387925
820423
108513
852868
447148
312401
441575
13290
351175
109281
492803
796450
204274
43255
653965
997364
693019
916227
738501
292542
14821
765720
870328
818161
924700
237294
108156
63842
379075
475987
406869
249166
845578
902832
807098
245485
107164
258932
968113
449457
510740
362655
551831
965723
534799
729901
229884
671738
574300
719837
760939
241154
638608
367388
476359
936901
814583
848979
325968
67856
874085
452938
789829
892261
582186
101687
368868
101008
261859
651495
372877
314472
332589
659208
654532
613860
851317
808209
223445
84567
426667
598990
147026
470857
538645
750411
318904
853556
308288
639068
361072
269336
299089
511496
915825
719291
996281
538768
612930
427329
893575
83743
35293
591011
768471
978831
626288
849231
57448
331029
882301
742236
353740
719947
295456
970664
266360
696793
10673
896401
106235
226303
882751
312268
979916
49792
297725
906277
259131
426990
873401
315923
66186
204879
168135
752055
84053
532009
858044
882865
603308
735727
980438
81951
303169
397896
209465
118387
150716
212216
275348
101232
498349
757677
314530
875265
555033
643688
822349
39670
451317
129798
623085
352476
77233
706475
760813
105015
996587
165130
689806
174942
530500
205522
524934
597556
474320
907128
649152
460158
122919
226205
946631
594342
539608
280541
640445
341003
943549
886516
439813
16835
389546
833996
818817
7982
227135
462311
553269
299640
552733
7461
656906
91882
314933
877491
608623
273710
65084
161104
360026
726877
447355
316221
614060
468038
451138
809025
173939
167294
818429
208022
647689
838367
532702
996083
768793
588639
176250
530359
207426
839629
808496
454447
602516
881257
536707
220804
150519
684705
223561
651396
857962
992932
976701
779275
108393
171045
177967
597709
867688
192174
973915
407427
119357
256094
512726
885680
786970
133505
435364
922255
123703
405194
347431
105243
685646
837167
217010
98106
462016
81505
142652
191111
159573
490087
444080
531259
117409
776982
139617
691383
938882
255087
67355
485808
447301
894677
326485
287991
16616
387305
764162
973284
356986
499460
568262
938463
608223
685328
80198
480778
249904
176131
686552
851790
683455
14586
501402
451905
804791
963950
686430
616625
748002
72213
287939
421520
292229
359703
87071
434171
328358
819115
997464
676072
177646
552974
327122
893100
417513
125920
352066
978151
183529
750747
931233
417357
96843
22128
990973
655569
395921
192320
683305
865840
829550
140467
916181
81431
516321
655865
468792
476273
485497
101723
99561
647505
797430
352061
865550
269433
462224
145202
712235
857093
62289
62204
655068
351671
816797
414175
446942
946016
799442
659040
380935
137575
725322
699423
777622
173305
205949
624334
260645
706445
449220
153229
580923
314066
224056
761764
576766
18744
825849
1244
135557
6360
129035
554938
554124
217729
875034
881305
797313
425952
261150
515555
316347
107659
584089
270955
201738
752234
711229
271978
417257
578
336620
672021
855568
24735
247959
968855
508646
885726
44487
913008
756820
358613
336634
369322
662325
872095
568101
872499
295785
741511
471897
280476
599049
734608
334912
871277
162484
317278
542342
21666
996296
228229
34964
201287
248237
186093
557751
404971
803083
792542
785567
488964
467868
191790
276804
740127
12635
849348
922147
932161
105115
383368
354983
450464
677429
514089
790370
735287
603930
43914
897146
919818
429831
534154
83233
785014
589398
390382
20540
222515
322992
755438
229285
859050
243680
953561
160204
994221
633923
685285
393976
852375
208412
204567
78635
534786
7108
71435
290724
615198
398462
861409
398398
281396
649448
618820
562742
990008
910990
82136
574602
934340
633945
493951
476348
480759
717221
448776
393398
536489
658032
881078
935751
258313
971949
27688
878795
91862
650489
30250
277993
140534
973733
927639
494967
612278
127089
374184
804088
617503
664602
668702
286917
155249
336971
441864
691145
230335
744879
131761
658021
598503
311590
257130
295989
139691
905109
952367
172394
640433
294616
473785
476374
432275
55827
818016
687111
779748
285990
903978
201290
780800
171198
267444
55761
958223
141512
130619
656751
37270
442689
532679
201279
779193
18026
46006
167845
684561
686295
621345
899180
350694
814693
780525
257295
549449
630219
144560
768595
198737
278282
964669
195089
221552
978814
216974
830994
332465
354967
458125
614419
144
729505
17663
14183
766517
449726
244237
90044
157263
385974
801329
88629
348425
608741
536185
421495
706220
18962
372731
925568
364305
34592
921750
879793
828545
862
388576
224684
772523
981561
617457
162072
398593
602577
133963
802881
145455
75944
350373
195101
431544
373943
20498
269865
348143
543323
787219
2226
517648
44845
68406
466736
948921
458287
995880
975501
525960
595105
294366
992259
969234
401332
688924
692002
702972
593046
707105
847729
674426
144492
780143
612077
215010
521822
324602
139373
30060
605003
468845
485477
303368
540701
858963
795849
566108
146424
958952
129545
880473
325132
283069
322235
148089
625738
212162
18391
578263
150068
72115
557339
164394
355404
151522
945551
445087
24366
671453
359139
66195
777338
43771
633076
969002
298537
308168
982765
360527
255361
218122
263178
12424
793315
696048
676344
960372
35266
970646
60377
656740
172142
56759
41187
891796
255822
279600
180200
663749
548717
993069
325168
537464
590891
897202
559298
559944
298387
603272
707650
551845
56589
931522
796532
709481
992746
594603
372830
54424
759069
370701
682252
148281
434377
164256
795437
581451
424949
557710
243355
759974
453405
314463
550072
385456
284322
975238
155635
294776
56865
377927
221994
903154
88160
315715
206250
909775
894181
447522
654737
748728
52961
771291
105557
441448
646602
344483
407325
406948
896582
15663
542221
240023
917059
605480
336159
385998
285667
565099
540141
238348
640981
190713
166411
110475
316479
632002
206672
354832
519255
840841
534070
803369
286737
88179
896535
91270
989170
128178
438167
626418
789956
247881
93665
120172
587810
140219
775177
59302
239283
351444
953041
36249
285299
492307
470663
633155
122605
848114
67468
644670
601541
664212
186351
227902
995249
963338
139959
895911
246920
251522
710464
621321
727219
600397
145020
59833
560640
105868
940443
3789
320277
261686
709637
772595
321537
601095
528708
961710
266222
847944
169279
880943
413747
835832
604705
932876
924358
947092
671961
778271
289999
225480
937146
668734
40983
129650
420162
535378
587999
268175
856567
493526
676365
907524
50413
340142
482561
429067
70437
712097
477894
29240
179472
261301
84645
53031
673521
737894
689683
310916
917472
338242
898122
297399
75050
149348
121333
852842
307542
254347
422148
788216
759682
139606
124512
331827
564780
450078
649656
118034
661262
386352
774266
769462
851424
392613
147550
466967
632449
674272
11996
101903
852080
79076
219134
906435
151348
260047
69263
351850
189852
192119
939827
161211
618913
978656
909584
966199
413927
219543
588650
262608
480162
214382
754381
861365
189206
712019
480419
932027
992694
742351
467301
533545
84846
402521
701806
596640
297852
521940
685804
21541
231993
640044
980399
822989
915638
723400
266852
344836
872577
366124
384027
788793
856391
309295
684355
816746
490515
19283
608312
310151
680117
28806
813555
716293
967422
696308
564832
744002
611111
982279
989581
769744
310673
719420
351870
329441
618599
211427
628253
447309
924575
365619
509070
321218
273952
387527
530465
107208
336766
404409
815713
88239
794144
631450
413833
887960
471299
902987
805462
970078
965655
309947
749944
877983
402311
128957
132130
236330
63958
212228
534401
863047
242789
412990
593993
107869
847313
220747
780586
822148
559545
737497
523105
763048
77149
493086
138028
173206
960545
886768
777046
238758
5873
199300
32176
215749
47168
423489
72672
3038
482153
301632
641299
650149
386358
183075
797390
629696
846654
750671
214050
714706
957992
782791
735038
473764
319758
591910
910046
620850
765374
412537
691745
574224
58330
504055
627449
230007
886239
140637
879292
727473
298882
159914
563607
401436
538870
976244
875681
636894
465419
935654
492557
181285
221488
580631
523514
853017
640153
459207
798949
188513
749307
570040
724862
592847
288116
777639
240152
706473
176264
262501
13497
159637
795463
970007
747217
521184
856330
212870
372232
804651
251867
129380
183152
596338
923380
682524
164634
772730
281056
668052
108420
325207
546367
515906
207856
139927
808357
445480
298319
273423
475617
754221
919964
840703
896154
173978
662022
323556
578069
665581
955397
495451
331988
805789
53198
711533
269081
621420
826913
112187
535433
34850
75584
311943
791851
889771
194042
191324
451983
514575
652261
389852
661131
274057
807401
840868
831201
845959
89401
694557
812861
589374
490717
591778
165593
914214
411883
213961
980611
620633
331093
2704
386103
373636
666267
4070
186662
482823
662049
376275
45720
398639
961691
298180
246637
443981
691940
73655
992255
906995
148143
673791
767843
753034
647572
755509
773647
286419
560204
512251
321045
570680
625144
676270
208653
381454
365147
331623
391697
515050
804521
699694
797282
117021
742135
592125
516073
389901
739217
921580
598103
989041
447786
501629
292909
623144
723630
19334
367960
419127
934644
132663
902580
375581
618191
692679
639217
592853
545988
266816
723091
812072
143893
49187
766547
772716
910524
814521
409251
391453
672755
758391
585487
173589
13104
266061
711295
612907
650927
157707
870361
792102
326631
728624
987331
952605
893150
836049
636358
145324
418520
483
422798
910804
413291
770725
449933
887792
277486
23148
222208
605200
546448
815372
793866
314036
270596
786016
285756
967207
121626
324407
63158
430901
181225
412827
604455
536074
294633
259007
27951
319528
6365
651076
952038
711876
748141
512680
285238
468862
957073
517324
641955
479164
132394
944224
440683
716322
387883
257901
3657
548975
862708
698558
14611
70583
135103
22892
290819
863544
682995
976133
899346
53980
734294
633560
990912
479115
159264
302048
949553
413609
50218
467083
465009
953331
574725
338469
210712
952369
642407
138598
579401
39769
997633
684692
70292
145856
601068
324054
517179
404413
759873
506967
982866
332636
46535
11795
493568
869436
734919
143745
61282
745478
983996
186781
232078
959050
240551
20625
864820
64504
561279
79103
579553
845431
818564
670318
701213
284069
461044
80014
672501
601708
576215
835561
725075
252605
52661
125289
867785
473324
157032
48320
544428
574952
575564
860343
611933
998741
287826
255191
332003
869960
188532
454382
477876
899614
351235
919294
917843
140985
387356
544456
930002
705369
948281
134064
453497
742739
269923
166733
242815
640432
528133
550031
527797
954404
529884
361869
570626
508136
495755
374571
353545
41911
156235
133156
734951
335906
330368
990010
475480
190353
886950
918839
573241
4247
719658
672030
286504
413296
974933
870387
861639
462938
865315
555236
390112
943181
433202
142355
838946
102615
230358
916353
545034
486808
235849
942040
840413
927000
294784
642197
227281
19776
810393
132752
687564
715004
800431
104233
593604
892970
520976
445585
626885
593087
35718
746546
758289
566263
245714
499196
132513
802294
705271
722573
624970
916480
856946
984060
798011
843410
700615
464771
268643
933211
583798
139590
246191
818778
117773
813380
551729
976853
231959
424857
91292
538611
842674
931757
233388
15863
289982
624381
833634
75801
828657
415748
995821
618434
459016
455301
605988
891812
866776
508664
614768
59765
585411
469391
241543
358534
925445
311203
997203
163652
974574
691776
314417
472201
971626
203273
4308
164832
189500
421002
680522
830100
541577
58905
491671
584435
908753
930407
860157
393060
454904
895400
767709
899938
532546
911453
596727
429460
828510
47290
791950
36555
594521
168697
33063
420759
570355
689467
287279
904774
466511
98454
598140
735354
513539
101183
478316
739174
299472
178901
541610
507109
650731
175944
816591
698295
111290
421412
573220
499224
814106
759934
772806
549695
96349
971641
730659
968688
885201
698293
554976
763262
442811
666774
987357
77601
329507
729452
152656
43567
103433
352260
156046
393851
978037
567178
910952
900743
681964
510937
638578
872230
30143
914593
91167
674611
269117
323188
53064
922727
851720
223917
140491
829403
250757
464381
541264
299291
263021
989139
645479
214499
386177
250856
508685
657337
814042
905956
267278
889190
547486
574448
52356
712658
857486
488153
390461
821499
924861
383453
508859
909074
741340
590870
630932
991218
761712
781184
265082
682110
860900
56361
356245
802837
922810
994356
183628
658613
471965
578889
515939
735401
977363
83997
206399
368112
991694
906201
308548
751276
680993
322730
195935
932035
376912
781348
21407
997718
173760
515091
859710
684956
597709
984928
574910
887898
180091
222941
469487
177345
501380
104301
614029
330340
696463
204819
36166
997332
687426
391509
46872
295130
290094
959372
230809
348624
757097
998155
920272
218332
386041
825770
727105
907850
374508
284526
368455
613829
331269
669270
662425
811250
202897
173573
614959
49065
711191
377159
637373
14865
914285
916481
166430
917719
62695
992186
557068
907
929515
361728
769484
390551
32352
854520
502823
711004
250885
973766
238098
924203
620382
392084
11695
404188
131720
828291
454892
111247
953262
187948
51785
676285
420628
501394
868728
218681
837457
765350
169117
953609
141913
810101
730677
450459
432184
474098
726738
976166
726939
366300
943108
73118
242953
733387
493524
48531
880943
743965
661354
673447
359000
823223
192910
94826
545275
247418
536267
179668
978926
275012
715056
585694
176697
812832
488240
900541
70213
39243
328361
72188
938420
913572
807873
236405
92490
519023
645741
665259
500872
486021
562316
100679
380697
228636
588015
365869
388134
584623
888828
898747
20804
610314
802280
319902
676045
58932
332577
227664
542284
265272
962894
315698
467218
715218
32046
644609
441637
499187
943325
772792
583640
905073
770293
322563
188214
432462
514769
606491
343192
352868
268461
135746
722326
152426
362089
993693
584986
56869
225772
858345
578896
558317
645541
799515
868793
667866
451245
103512
718047
934220
5769
120974
885731
86228
944907
466861
433458
27651
85015
168262
539478
64972
540291
697790
384617
724376
717016
162478
839780
224935
820406
745947
920725
924574
556691
134413
429423
216177
464356
69134
404219
551149
410772
160961
812013
823202
117873
610332
254161
234604
788582
699715
899108
486430
187427
766594
31103
531594
92697
266279
501294
410030
304161
397050
886112
847550
792508
558618
640374
742281
829621
241078
195582
998347
921507
929316
855929
260944
329163
257889
291480
802880
918818
382054
397638
913739
439919
547
782495
406065
930575
375835
519230
347758
648530
529755
241523
875137
868163
444312
450964
655576
496518
63204
380650
834458
287513
55437
835788
448592
891004
939090
848778
846449
425453
47235
745280
769288
245005
545844
226634
521092
128798
867549
359574
1884
421678
236561
247636
494813
421197
753625
558667
957393
568057
775341
283205
917326
877403
895758
152619
675416
413994
598339
744107
615988
649198
436589
303125
378506
75167
953225
401157
860597
534892
481666
361019
41323
299735
295537
8391
300420
863741
858930
190687
120489
135348
954084
508307
261786
983309
209532
360471
651675
526456
906182
205759
622972
581767
439930
551050
63556
191947
840247
738325
28217
464730
407391
921904
483919
560498
855246
544718
479787
685816
181815
791766
927058
660825
22877
799382
977330
859026
895980
725591
407053
676042
142322
912459
217150
360476
828029
45347
517418
812979
622673
237117
556228
309775
365702
383419
477756
144740
366076
171247
979461
191137
876220
203442
105217
462670
734829
666452
543820
593422
436528
130733
197538
337156
352536
691090
97582
935442
998281
706020
814640
54909
827884
983042
292617
334124
39244
776030
27238
379791
434384
950509
670151
400349
297557
396728
440363
100725
206567
43664
167066
37670
718557
386590
31758
267914
979214
293656
146239
938637
828211
881232
800586
910348
575515
411559
418813
43480
532613
876638
46017
205337
308573
195405
509413
805007
934230
467308
135939
798196
375776
816078
537873
600446
178695
437422
140358
525760
994728
831778
293286
562032
476752
290476
150060
968003
156466
50032
160020
96756
343237
867327
903746
479716
837048
885649
286802
968860
641491
798610
230845
993774
493419
892115
605540
809529
294913
71905
711996
147082
312185
774067
221271
350176
711602
875708
804427
232264
713734
323425
380929
920423
650079
435653
528604
886550
58100
34367
915331
783655
919455
134573
684493
667910
72349
79842
336584
381627
881825
364666
990630
69132
797141
666447
970181
452800
217070
851332
979993
489726
87018
936638
488505
381843
661993
672755
742018
438226
778021
328410
658220
219413
911696
9602
100263
28450
419657
508927
389809
836586
251130
237503
123063
748651
589393
866298
995877
661044
624216
760264
71244
4104
628339
287884
801903
616284
414710
569614
698218
448891
813856
359079
98176
631114
513400
349845
18496
774181
461891
372782
325650
554407
240671
136818
433187
957385
345856
515897
129387
583586
227140
663435
321559
143628
410356
975054
615000
331175
78425
991002
719496
300535
577209
675625
878452
141609
585645
333546
913290
815859
284832
249076
797280
794904
428774
961560
799326
790667
989750
496975
924170
991915
101446
466194
127150
820461
725825
365833
275112
427544
485096
862043
105486
449641
969858
723492
768187
999190
410049
357316
824251
673264
515187
224084
112463
774625
897057
558324
203549
369237
897224
689984
486007
272822
843441
247329
690246
444367
397999
228095
437971
484242
9717
989076
240049
939508
587729
245596
434123
11382
733193
908649
495814
584447
253329
46355
424338
124645
145829
950604
220562
754123
328649
600017
592742
246244
744219
724988
469009
590294
709202
325942
338892
108409
507797
485579
901094
538686
203962
215510
118358
116909
953305
413531
864095
519942
462413
633267
743902
405641
943495
618850
580467
103826
75342
418244
845706
894108
617175
339686
198725
278310
878716
272242
789256
148722
541404
87106
769888
319658
109392
815445
506128
288606
929413
604767
887802
778344
424891
606906
97767
69233
492057
514683
449075
913740
220138
450016
176408
938175
413240
859749
938645
836643
93443
699637
58362
225825
308574
71293
12499
92572
150375
782621
950575
254381
30881
218232
341131
35913
73648
150123
925856
476608
330416
224026
520454
563294
146098
331302
254083
525108
685779
701947
591989
89649
414907
753477
644119
674601
697775
263106
773299
533944
689428
963955
371172
64
293057
340652
434375
493901
874175
990027
755198
199898
331744
733573
474208
76141
208120
677212
346625
629725
196029
643756
418905
383604
428343
419557
863699
803631
725603
932563
609780
301218
779562
591961
639974
24888
68025
52605
298401
414488
228541
21788
531893
93412
627964
960638
277685
442779
456467
649668
566019
500062
917256
865278
153397
584592
317195
10265
267617
533782
485070
326774
355787
809598
228733
350741
510695
476987
108508
723056
362252
336206
815933
674340
163768
614913
340890
722826
623994
319758
284820
309989
534464
951452
761225
866419
466045
914217
908620
230822
971894
386691
993476
708909
507818
27440
812578
679531
519260
492461
81472
17353
209086
96211
454995
981799
950140
236886
175053
183661
476578
324008
999442
890624
434986
186043
23508
164689
579750
659299
882765
305807
748230
819673
1816
867964
392583
868508
508077
768221
139769
414449
769591
654859
612650
630156
419092
265959
960628
787719
784488
574507
135136
56591
247454
949915
64502
363230
198269
868250
747619
850210
502114
554968
515909
943229
867296
815337
988437
151846
326448
470321
101233
699436
447703
880060
150213
448091
273363
106282
431893
333815
615681
974215
408106
819685
497038
347897
140567
793641
995543
644050
981991
747786
668128
709190
755238
584978
707502
755958
462664
642162
585218
678954
705017
318018
947122
650590
577793
986085
779173
855539
662483
24331
811882
816006
273780
997584
376757
686878
675971
367681
629880
430399
416681
749823
301723
610331
93789
670781
199447
377064
878996
174180
910324
267469
172228
130325
764125
506038
167380
699278
26013
475655
762082
862374
306168
968428
262448
294450
870568
507663
705131
25866
925939
28259
83866
138854
116453
134878
912288
83105
692975
927875
170029
857504
579292
42141
89927
435788
889004
702727
806449
801722
408783
500968
29685
20588
910463
125309
229075
439857
117242
466895
398470
561831
146395
51459
324207
380321
813652
17808
737761
673059
870923
969739
149064
300042
110798
30558
789174
432137
261043
545623
124876
460238
865232
158172
702529
664962
560595
606269
814290
267440
967360
819106
593990
467133
669510
722915
29853
549461
990396
416630
878356
880487
338109
80707
401304
42758
260700
76436
338245
365104
878662
920808
416857
569644
82675
260839
719481
610444
524616
80687
426720
941202
46605
781772
814944
559663
290886
29767
618774
373990
632944
277525
688815
991376
626265
648816
214480
849464
199068
24836
114855
103718
19129
90495
910348
916601
390029
195211
436947
713709
832562
669528
815536
907773
772853
786834
90247
104802
989360
77362
711184
85369
708548
121521
815972
872514
258613
168854
323430
855109
610018
860976
215568
759119
178847
623200
544089
539290
939249
582478
391936
483274
251237
68732
713400
479956
199693
196983
228272
334649
768024
31081
217150
591536
440845
501964
140327
539682
681316
562425
275853
503695
972545
890399
189494
506958
541454
619151
477685
442993
957619
293939
403191
844999
735157
305183
455148
178938
944552
97727
89615
459993
443026
675248
930068
654449
585502
849324
279406
588628
705530
485149
964858
828347
731469
840018
543755
191687
297304
652623
592914
413411
583784
397374
752170
804806
651445
775876
863102
289557
845147
397615
633368
916837
572914
461771
662150
421790
938508
667156
721771
910523
849034
755269
946207
37357
231131
65935
991492
297952
294547
845989
793510
767637
447588
70772
832910
652334
415483
305200
10020
108808
249593
906122
929662
785538
721292
273982
402121
218205
910122
853768
490130
433724
770218
285750
406002
958730
539198
649433
86100
573050
188753
758805
296164
719209
62585
865496
267286
94497
802393
936359
117840
276599
67542
490772
625589
895444
507188
196556
367759
501392
651596
636685
984152
502842
954476
941556
782246
307060
837003
599732
467184
663675
473191
957667
170945
680837
896957
34926
423735
446339
832804
355373
46648
94086
356871
637073
795635
520382
857917
451578
727822
365149
960135
501990
901425
833177
558373
612995
134958
194449
477973
912229
656268
821959
295081
237586
840239
664844
158980
212539
15845
170041
236337
467462
337679
146265
769503
178886
663722
406820
82365
275276
669753
756326
56750
187415
207313
618815
87977
599782
653825
143619
965425
315246
849755
44033
832363
236712
957923
6817
457121
24642
104404
536615
973010
638709
330185
526612
500083
660534
324239
713003
761222
157126
104068
820497
273174
735716
764715
183373
620492
760227
496144
730608
533041
290518
228946
990478
423745
989991
632594
866858
11176
183367
630263
184816
332380
541055
315995
980443
544726
869349
236565
411575
777774
856107
296291
314368
578962
193554
561780
849834
376418
487484
49744
213306
324588
331230
398117
110353
710207
523348
63727
54025
319790
965262
383362
770040
254115
244328
251575
839634
44381
803736
333041
668587
231047
746624
553803
310425
435894
723492
468704
254904
900415
803765
722422
338631
561843
990156
757895
710639
562489
386802
103662
432164
313606
202844
437163
379620
997371
911604
704019
719453
389210
589650
802327
940715
620326
621449
323886
837503
107031
426910
174242
915163
494583
510548
672692
135545
762716
550883
6701
163852
536386
97287
3587
296094
997508
79988
535588
201624
64311
578086
543841
810528
891236
185431
35258
728732
715807
693514
444802
329942
162248
96389
233071
335864
874910
809563
805440
886710
594747
652647
577483
61066
532272
618517
346978
394587
127549
22042
108897
927351
217709
762244
67927
965631
316108
936939
246095
81890
766022
538375
742650
143489
634654
97243
96634
757042
47431
463440
519565
20577
197027
923804
718868
470416
662293
332321
585279
211134
827909
357074
45848
341926
425648
29648
385640
897950
303272
84563
674506
627744
522223
366339
846666
716262
209964
858407
869304
958638
276744
557940
589711
312925
39400
568903
511613
239104
576519
334447
630223
571373
242542
620897
62075
746696
580179
840014
587913
657826
841484
120530
110110
967355
370606
39043
703142
345512
66758
263530
80733
186576
470451
156686
734587
394384
962655
611563
13114
851838
127576
901698
695557
508299
94159
18762
570046
987970
175787
543172
375724
286381
534603
483628
383296
465110
928663
579211
405890
674859
331457
814954
634461
785019
41502
622881
450179
51037
592475
312973
402622
234671
174109
701791
228117
290620
892345
112593
916311
317559
114637
945652
308039
165860
373689
169638
244003
51094
782077
941215
339795
215571
635121
148842
772715
237011
153755
382576
915101
478183
999792
56879
123710
278775
264874
174538
859379
356068
401858
730299
185720
892364
53387
157028
992780
514155
430187
162818
108669
385374
587638
562242
444683
127364
350376
806830
184764
9405
125311
289536
226236
163668
702195
181271
92846
727865
435859
786567
224339
924199
309118
937099
503765
622116
425850
908758
609841
706855
924596
332167
809600
871315
283988
919546
792288
546
348412
391546
745923
453341
502494
366229
706516
855175
428087
891017
552385
236506
626412
163034
637353
866985
796031
359749
611556
172516
974510
283598
697257
227130
797992
566966
212512
259737
831917
221129
512453
446737
919745
396883
785653
632918
357004
342642
543001
26276
287313
600839
178988
439229
724745
903558
635306
906062
599451
507373
749591
702063
376123
786706
720360
214217
175388
926165
189330
487635
480723
200628
803502
625525
796810
36604
986310
601869
351837
407709
398975
40911
541012
777495
130786
510663
363262
627985
475848
486010
559718
445192
134306
852394
957941
409060
133027
515833
266532
543398
139018
624101
949659
431166
808207
612402
856683
747706
458153
961253
448613
274904
519866
751212
425109
859452
186457
867291
696094
222717
888505
6993
171187
79321
808826
439609
991663
548937
476620
495788
93138
513136
732860
18100
298969
776109
319197
218988
278457
528591
699732
217987
350967
558568
747775
310111
573031
28602
339394
843869
991871
800526
395312
282487
105494
630948
86483
464511
627071
762181
618201
25416
882492
48820
273179
618852
683297
489603
473866
654535
60615
631873
479800
686026
105705
333585
899009
515404
361246
190294
581908
897011
692339
377290
237153
643792
285860
237934
754081
758432
305271
599452
993725
779247
607606
556728
858268
432664
180231
323205
56716
574311
345897
993875
441100
508511
538125
620246
762803
623319
468495
707283
46401
979647
900687
294899
33153
80320
868721
909306
96855
849857
360685
174161
474156
1927
226451
596287
382770
701428
181087
216886
725782
551024
720628
600522
723778
222565
747001
470717
397644
889764
357837
825653
787518
246437
106792
812047
980354
830443
776399
476364
454250
695558
102643
719273
236570
742898
35047
756109
638611
217565
209660
159644
264732
416774
223420
975465
728910
608577
466431
497032
917949
613783
423340
501824
601150
60874
472976
473887
171994
8118
620756
347624
728206
18066
602078
521960
290875
562326
817735
252967
185968
778871
368628
118137
889874
962638
877395
153652
450726
918614
905588
98812
676475
810580
26881
790713
869943
784273
938460
616874
135932
745475
825044
907539
938614
409546
957827
781714
946115
704790
562246
28240
161280
943333
181210
487762
484717
606890
29903
907951
948924
872969
618860
452636
67899
804991
330400
85923
863898
382815
786208
201523
942619
371191
489569
588240
567767
656465
686260
362667
997799
97045
906553
763532
535157
211276
93185
226219
373087
839103
470468
232287
389700
683006
723067
848302
950127
650748
920156
633667
263710
816472
446704
714941
918766
523062
422866
650467
148196
412428
237702
436662
403866
460729
764979
99423
758276
187343
919230
509512
150622
181937
36101
692295
194164
260376
694133
237684
432077
888432
161033
218843
975669
631519
443999
950349
577702
427173
47480
219281
574098
862878
472652
536888
452752
798181
104328
838798
824480
653459
753382
554092
891292
928805
576614
581547
755454
452539
27182
97779
115656
547453
55419
641201
783764
596568
996931
856359
606392
980454
438569
767325
525333
385132
911964
600373
681725
280636
481037
98588
689150
425403
52747
445085
26767
333821
629308
396239
910422
915596
345274
55407
318676
101192
119559
396360
195246
313256
148143
230542
487385
548894
171705
147211
360288
232985
365065
708465
672853
189412
48469
86349
268306
865644
152642
647005
633515
126687
715290
50040
169330
595183
116844
342443
686565
600757
829889
695973
123384
870451
326262
31816
824571
150898
303483
907935
925097
634890
783078
946991
115596
292160
37813
86886
629455
81673
209695
971504
647458
94317
730709
505513
994436
328327
141914
463661
785008
310953
701308
143690
410854
185692
174254
988055
173076
225476
775811
676766
864417
949410
202569
578868
197975
559540
676416
942890
730475
780599
903413
325724
813417
242125
410560
629350
771200
53369
130646
629687
146792
492166
771916
717565
26795
677575
327273
822528
154711
367354
822182
406923
495743
168838
103492
591108
297064
964132
899850
294685
62807
227482
434906
884963
914933
152865
83631
947828
697564
108136
116086
598798
168768
651761
752389
473666
169917
625370
201980
840967
77560
516086
412087
76266
407285
127258
570349
201443
612533
652468
148584
379395
162826
539796
636897
947850
608057
572303
689335
77014
496649
587128
508300
120309
142894
490447
679932
425307
77965
55798
441019
39343
677612
922782
82954
833536
397368
925953
932950
772053
354225
133896
56493
909345
543862
438476
126173
830293
797161
349049
412715
118608
982142
466831
433645
303154
457509
318146
171461
888782
579730
153538
81530
154045
207909
243797
842932
530191
522939
95967
432404
35741
585360
842564
962350
673402
110863
851428
469220
409224
902137
928261
868768
697830
479789
626511
133677
200519
63513
713904
148659
324830
647742
198879
698957
716405
322713
961086
592009
765213
391475
527065
595643
892736
70727
683532
993022
635794
348555
588096
808520
737830
765725
552341
453993
548701
134283
669852
230944
156153
561727
491771
711322
97552
431877
578164
922056
533275
341883
158463
385051
315502
274580
35731
118815
905474
231432
82820
2353
790574
90332
735686
567455
696117
452233
499151
312666
126904
457804
191131
87130
948492
555145
492489
966223
376230
875421
321379
406847
139251
88255
911931
376704
530180
785105
830384
328404
913063
71945
923472
369180
62609
478902
642775
197627
778359
137330
576278
372232
770043
894755
325871
511727
761859
524269
361020
520613
340134
877432
294288
83653
707648
810905
552277
124556
77797
441375
1172
798381
343730
828157
403796
461714
866111
671183
690009
390321
79408
954634
103758
58822
983595
530053
164285
464946
857380
745310
339194
865840
657043
939466
139744
412144
998535
746813
58099
410642
304597
311282
906981
414272
130600
587736
461492
150376
160636
538713
615472
814037
90854
318919
250970
532841
725195
362661
547304
725625
587313
437136
273126
72773
682994
424009
167862
974866
183756
899231
952
584742
298518
510781
750532
691360
809102
951630
538196
666865
426253
694088
110783
414267
924955
402332
247520
702788
330975
722681
274453
971607
109103
565559
504931
181111
804934
748199
446327
562433
192659
807284
326600
393309
596974
814965
854488
539808
799461
380435
360856
60738
358197
29266
520939
755703
381140
407357
46403
661035
342123
770034
14440
439583
24610
425415
77335
31323
249875
738328
126983
884623
451168
564975
786502
232074
698464
574478
158338
218518
289076
967451
128932
256942
62456
579881
233111
246812
244053
476447
213991
865139
104308
71303
242052
899302
71885
265525
306213
823172
455197
435985
783241
132881
272374
413188
950680
982402
87152
326267
514409
768596
750909
896603
234781
488841
134363
417793
750952
54016
522274
110964
468528
871920
234621
258154
394125
141825
389301
854964
986161
953350
258281
934150
238497
456155
895194
450279
478369
304024
610339
127921
655598
119215
225286
392454
259045
168680
460128
771535
359745
963637
49407
63282
830978
784372
795978
927440
19112
494722
250462
895991
807390
743222
327162
344811
438068
190017
887120
46476
682629
864352
852540
586340
994936
189435
139600
773327
662753
166238
64910
273095
673287
737233
345967
189132
391681
604181
953504
361260
629369
687806
822412
25460
144018
863912
894164
149363
524710
260759
645980
827815
418152
638639
993279
224455
933353
211468
375074
578284
721718
106687
749222
883549
509982
545510
327287
903926
787472
976935
691201
717619
63395
262153
74499
630174
537328
167854
567036
262291
212378
179249
102273
265773
615854
146712
948912
346063
711845
951798
387775
280849
543174
880416
59310
10436
781480
895625
468443
82980
196502
326589
592372
942937
99851
846006
514310
185322
230300
217695
671988
993983
879925
144354
331204
967248
689723
211504
579924
467632
706449
251853
576682
945776
906486
368276
274792
238577
841356
22607
135326
467594
690676
735467
745722
606098
967060
6683
139674
988618
815354
221644
478018
628714
159258
448704
70953
86598
623155
203210
378478
601053
169488
852068
222376
668798
767851
829744
599451
768984
68332
486730
405446
96796
876879
827974
100761
552465
686051
485707
315843
384820
867950
182539
83946
999881
596270
379550
732404
790850
862138
223482
796290
5259
28103
117265
221821
377648
876487
441095
820232
922156
622124
38799
669333
244943
608395
399841
530643
446730
858139
879129
221573
385946
242460
937007
637678
582287
224468
291151
994985
428728
986036
873365
477909
632173
612698
561767
746605
317945
283760
78254
332917
480290
368433
207729
590864
319574
403340
83792
762543
586675
187937
831899
285796
298226
902952
891981
669140
745201
956657
368488
148683
400029
119814
895854
938090
198137
409964
726777
828091
580237
865672
635192
21541
479405
911135
319558
815483
879588
900598
146280
15470
671166
418200
677411
709539
162991
834486
200376
369887
842595
660392
562494
636639
401763
58450
983962
111877
564129
713122
373852
349676
246496
91125
750521
504476
905794
989849
42529
717209
482863
88173
353341
218198
322720
614565
9351
462087
851461
554730
536005
888276
45913
665950
536739
343913
636288
812669
299884
446890
323225
878495
997925
351492
414246
130586
938822
816031
260629
239428
978069
311791
752299
503637
32929
640298
531596
411179
215065
395092
842665
157032
471175
636726
46726
409014
981868
570477
363495
186987
839544
770206
115094
930247
787238
938439
101780
465242
162866
840241
61594
412931
777848
594178
205898
756051
755435
201390
403511
377295
973934
732814
720653
470164
290002
516425
403807
54933
777965
266734
800523
844481
926483
344612
631372
804160
190260
853496
900188
320219
359634
729238
859844
548283
724956
623891
337985
987273
14444
324327
247125
991925
782682
229368
871207
782226
953467
252241
374551
290399
106426
371505
463651
501985
2064
535936
897135
390507
27619
654365
957428
245440
309113
171922
416008
533007
422935
165545
46213
720156
623802
819416
612313
288512
798513
832919
283370
132167
598293
677779
841763
351415
56934
92411
341344
448496
192196
251511
210546
248687
890887
137144
290959
487852
71355
967338
136793
96292
916219
397382
80777
580721
729384
377989
471992
42260
774599
304303
197642
681813
573109
516177
659383
578433
791495
608845
509495
743059
6850
957004
907658
88237
792051
330638
432417
864133
700909
95521
56172
650077
951133
142256
552001
858154
373643
998899
550950
45718
378799
924356
826299
171873
8430
78354
191687
44258
628720
782766
512413
317612
365150
562499
269034
987020
714301
221346
884510
653678
980450
478587
44469
204639
570193
911913
427425
36909
256630
220580
183766
90538
990271
802842
273201
425744
440276
169559
722374
61950
423540
841120
251396
210272
851373
723424
120711
892142
511608
467322
328187
312203
595310
370109
692839
551437
945067
277493
21853
748380
533438
606174
770685
455731
461066
465396
721953
969988
582076
749862
122536
961720
448936
418920
704482
154516
231107
657896
289557
661815
62455
104344
289194
205632
647335
820266
811191
422348
575551
987930
993258
916700
259062
66917
409742
553046
871971
336407
274493
251682
503033
286594
257699
747829
638497
802890
990250
847850
67506
829854
687559
102540
419536
946625
973153
877168
158686
801990
85145
596031
80033
192538
815290
3986
451442
20347
577791
693302
638879
401799
959931
292559
503840
475183
719145
442712
585713
855882
360912
60040
826640
501446
603347
547216
17365
77945
527315
105729
562153
445589
509953
915275
966436
117178
886467
580513
834631
321382
889666
846328
678803
636936
459214
103533
849796
521138
908783
729350
296557
174572
572169
969872
919409
961892
269802
716008
39387
200836
568948
497558
403419
901660
270882
669716
511006
8126
887032
216364
3912
577257
971659
750783
540881
327005
32746
568738
815737
404877
252072
26146
371753
960627
84231
792424
330664
396669
704323
379768
875702
265509
525944
549075
840521
345182
531376
987645
519457
529514
517773
828825
467274
588169
27599
821360
433518
21707
614787
442768
39316
675015
378953
663825
7737
92452
770432
569459
635849
433172
596240
659043
27706
767521
858515
661148
577286
509791
700385
11434
195971
330369
290294
416650
76128
400712
290306
438574
151102
447830
176206
850141
637032
642721
949190
494838
558129
975811
809831
930196
539433
424814
630405
543885
783227
579900
511353
977429
273830
43108
927591
696512
90774
196041
281000
668325
717918
839852
812824
166750
256597
958018
123197
479723
661322
719009
347602
768310
299429
529619
603760
335345
480731
346189
374296
310875
822221
650234
214175
952098
874686
712368
757686
328547
926639
172996
518293
924493
528793
104633
694084
642019
771270
2835
578822
797728
804045
636746
121826
757620
273576
950618
105295
389613
565299
492087
19515
448369
43908
585054
692600
480039
250465
12871
12548
566070
53026
88695
588211
112485
786404
554993
997179
617442
218407
753484
216860
792158
506437
168416
224554
235285
367440
645914
361976
121131
661830
722159
203171
511666
291763
131885
14840
370889
51492
692141
668931
913886
909955
201445
716661
969619
904532
817050
716528
514622
435787
2546
847667
866635
733703
473895
580061
151421
403759
911704
118623
813009
922728
960378
716355
551811
947120
679403
914131
967274
547930
480679
578535
558398
439654
925203
259407
238586
526076
726647
823193
132444
382405
346185
719871
782026
221479
780452
873456
806671
567131
877976
182457
318146
208556
436379
776144
892551
708045
393628
410493
459759
427159
451000
732646
117371
638751
815174
315829
733374
685169
624077
6247
509472
328427
258837
443252
132990
805175
627354
598807
65199
292390
35869
717497
377122
132390
985366
635646
62691
916704
699268
146603
411388
995888
1508
238321
915128
509186
752256
299483
246467
231173
290846
910545
263597
268303
253145
660167
519501
835661
187982
75269
29442
389925
580077
432083
517461
557098
606255
921088
527546
522939
102758
637455
462581
757753
370544
453631
557722
149666
264389
468918
875629
707343
950192
37833
765223
873734
997787
887210
606106
579709
927618
525871
983852
829612
530122
564859
890559
516301
790954
561675
92145
14579
942215
848607
278335
42820
487838
285378
484484
213141
334171
95160
773728
942304
295174
209668
107827
316964
585949
138131
490633
190426
404156
58888
120528
663567
372345
894693
657284
235427
817548
126355
70827
114780
191659
459278
675772
430823
159925
129519
917659
119277
441476
942295
220031
194318
645925
144629
493813
281085
179940
520757
895229
309624
502592
457158
468434
993058
611581
516357
376648
511038
429081
269707
677645
831626
414166
650256
961297
677238
658358
457722
755714
502144
543301
450118
147248
492013
585424
179089
483152
546341
355507
295044
699548
625708
165264
706458
317079
303161
941660
509328
426799
706613
639763
388520
150459
889233
801996
576665
866339
80260
707303
144726
413790
929248
739554
295289
22742
946128
175371
971468
559209
541424
756880
905140
263561
998089
104946
750075
778371
645351
645720
535864
396381
688345
214208
583709
644888
831237
561872
103901
954324
219813
259466
376440
444307
19298
6878
974692
538325
421259
781402
480858
590051
241842
582333
374458
125224
700643
144489
727707
646713
285954
229814
266803
89974
730240
241379
832928
763848
702010
256423
522769
880970
621102
285862
266131
784580
53338
553023
479868
948562
531443
929346
314670
90595
196799
249663
772872
4125
133583
277689
277039
175262
235229
769978
285684
889438
391934
126848
788643
406000
883907
425365
11431
125799
986418
255804
116765
784597
213532
206535
862835
923311
963035
189062
932412
445644
870442
924890
432468
81868
170721
618343
770603
470549
627851
459879
689775
278393
529317
65308
434074
380596
766966
260957
298581
256849
573510
147090
326024
116523
249916
943355
376639
597841
317655
154730
734842
868355
13513
812625
333521
751961
942443
906998
262466
868675
16737
904643
267545
271659
532620
218809
364602
595959
385317
46853
884110
568490
854780
244523
486536
824106
225742
448735
89043
398812
118908
518130
394778
286891
996526
113449
206323
966568
352195
938602
272105
478924
100019
66192
471140
975128
377156
702302
377975
661533
787942
167567
879238
187032
773995
403211
161490
992181
756197
881462
554595
224436
371870
74851
687761
613673
558894
37286
835950
150877
963261
613255
827155
996370
877718
569235
736390
17892
352483
627724
206341
63563
663563
815936
207921
98493
702053
2103
240986
72433
260311
608006
927139
531325
835407
503360
15314
262944
68637
705804
501111
296092
488236
842450
794293
492604
12636
495247
244978
598452
22461
406345
491671
754341
575977
336604
205700
258623
55678
976754
71892
541825
287990
106257
97991
422684
265510
462542
428050
181749
648976
241631
681344
391114
975844
111118
18051
795564
333530
635210
1435
984938
543589
207768
66530
282382
159188
202086
965361
461569
647882
607744
135731
472009
762136
937308
856324
414259
953204
462095
341381
580172
429977
812002
381951
261769
273402
797056
682353
782086
91555
812102
450424
662123
501679
95421
347417
270763
537440
722980
981934
774438
668638
708453
16427
464111
393999
272362
75213
267047
200783
116809
300126
109576
85324
113947
727271
617918
866497
826026
578098
874031
646413
433224
179898
252572
270319
900476
549809
599903
672353
325336
191662
443092
299214
182950
883378
207060
948208
69441
854485
628573
576266
624639
853970
936333
912383
140940
720747
24461
445262
469778
77114
512523
520235
824852
328086
182687
822267
674138
499422
356751
967659
980423
793957
200302
