64
144
325
398
483
498
546
547
578
862
907
952
1116
1172
1244
1435
1508
1571
1816
1878
1884
1927
1932
2064
2103
2226
2347
2353
2367
2546
2704
2835
2886
2946
3038
3117
3205
3587
3657
3789
3912
3986
4070
4104
4115
4125
4205
4247
4308
4738
4840
5040
5215
5259
5336
5435
5697
5769
5873
5905
6033
6177
6247
6281
6286
6360
6365
6545
6683
6701
6817
6850
6878
6993
7108
7160
7461
7519
7737
7982
8054
8118
8126
8243
8345
8391
8430
9128
9301
9351
9405
9529
9536
9579
9602
9682
9717
10020
10028
10173
10198
10265
10436
10550
10600
10673
11088
11176
11180
11200
11234
11234
11382
11431
11434
11460
11508
11695
11711
11795
11886
11996
12098
12364
12424
12499
12548
12635
12636
12871
13055
13104
13114
13290
13443
13497
13513
13879
14183
14440
14444
14504
14579
14586
14611
14705
14821
14840
14865
15263
15314
15398
15470
15487
15537
15646
15663
15845
15863
15926
15936
16427
16442
16616
16737
16835
16899
17353
17365
17376
17520
17663
17808
17841
17892
18026
18051
18066
18074
18100
18112
18257
18391
18394
18437
18496
18532
18558
18744
18762
18915
18962
19112
19129
19261
19283
19298
19334
19515
19667
19714
19776
19836
20347
20498
20500
20540
20577
20588
20592
20606
20625
20762
20804
20896
21305
21407
21541
21541
21575
21666
21707
21788
21853
22042
22128
22135
22298
22461
22517
22607
22742
22877
22892
22943
23148
23372
23502
23508
23854
24009
24122
24197
24331
24366
24461
24610
24642
24735
24761
24802
24836
24888
25032
25196
25212
25263
25416
25460
25553
25866
25885
26013
26146
26276
26767
26795
26838
26843
26881
26927
27122
27182
27238
27242
27265
27292
27356
27392
27440
27564
27598
27599
27619
27651
27688
27706
27951
28103
28135
28217
28229
28240
28259
28450
28457
28602
28704
28784
28806
29240
29266
29423
29442
29648
29685
29767
29853
29903
30060
30104
30119
30143
30250
30274
30289
30299
30342
30453
30558
30686
30881
31081
31103
31323
31358
31758
31816
31858
31868
31911
32046
32166
32176
32256
32352
32590
32695
32744
32746
32929
33063
33101
33153
33435
33476
33759
34005
34053
34208
34306
34337
34367
34592
34850
34926
34964
35047
35258
35266
35281
35293
35469
35480
35718
35731
35741
35869
35913
36005
36101
36166
36238
36249
36314
36379
36421
36555
36604
36858
36909
37270
37286
37326
37357
37480
37670
37788
37813
37833
38157
38702
38755
38799
38899
38964
39043
39153
39184
39243
39244
39316
39343
39367
39387
39400
39494
39500
39621
39670
39769
39919
40017
40355
40633
40691
40758
40808
40880
40911
40958
40983
41187
41323
41502
41579
41610
41617
41855
41911
42141
42260
42529
42659
42665
42758
42820
42946
42953
43108
43255
43480
43567
43664
43753
43771
43908
43914
43926
44033
44054
44139
44173
44258
44381
44446
44469
44487
44845
45025
45347
45718
45720
45848
45913
46006
46017
46026
46182
46213
46278
46355
46401
46403
46455
46476
46535
46605
46612
46648
46726
46853
46872
46956
46985
47004
47168
47173
47182
47235
47290
47376
47431
47480
47953
48187
48320
48394
48469
48531
48756
48820
48881
48920
49065
49125
49187
49287
49309
49407
49415
49540
49716
49744
49792
50032
50040
50218
50230
50262
50413
50910
51037
51094
51194
51459
51492
51747
51785
52095
52255
52272
52356
52559
52605
52661
52747
52946
52961
53020
53026
53031
53064
53077
53198
53228
53338
53369
53387
53980
54016
54025
54286
54358
54424
54442
54506
54520
54532
54909
54933
55145
55258
55407
55419
55437
55525
55581
55678
55761
55798
55818
55827
56172
56264
56361
56493
56589
56591
56716
56750
56759
56865
56869
56879
56934
57240
57448
58055
58099
58100
58103
58268
58330
58362
58450
58577
58822
58888
58905
58932
59060
59302
59310
59500
59530
59765
59833
60040
60076
60195
60377
60502
60570
60615
60738
60874
60890
61020
61066
61282
61550
61594
61808
61829
61950
62075
62204
62215
62289
62455
62456
62585
62608
62609
62691
62695
62730
62733
62807
63032
63158
63204
63261
63282
63325
63395
63513
63556
63563
63727
63842
63872
63958
64311
64383
64497
64502
64504
64526
64693
64910
64972
65084
65105
65199
65308
65692
65754
65902
65935
66000
66186
66192
66195
66530
66758
66917
67215
67355
67468
67506
67542
67856
67899
67927
68025
68102
68144
68149
68332
68406
68637
68689
68732
68878
68976
68993
69132
69134
69204
69233
69263
69441
69600
69616
69729
70138
70213
70292
70437
70519
70583
70727
70756
70772
70827
70953
71244
71293
71303
71355
71435
71470
71493
71528
71676
71885
71892
71905
71945
72027
72113
72115
72188
72213
72274
72310
72339
72349
72433
72447
72502
72596
72663
72672
72773
73096
73118
73522
73648
73655
73799
74489
74499
74851
75050
75167
75213
75269
75342
75430
75501
75584
75798
75801
75944
75949
76031
76128
76141
76141
76266
76436
76511
76700
76907
76945
77014
77114
77149
77233
77335
77362
77441
77506
77538
77560
77601
77656
77793
77797
77804
77834
77945
77964
77965
78254
78354
78425
78601
78635
78808
78966
79076
79103
79160
79199
79264
79321
79408
79684
79842
79988
80014
80033
80198
80238
80260
80320
80342
80460
80515
80656
80687
80707
80733
80768
80777
81319
81344
81367
81431
81472
81481
81505
81530
81673
81868
81890
81892
81951
82136
82365
82404
82675
82820
82913
82954
82980
83087
83105
83202
83209
83233
83276
83296
83308
83344
83614
83631
83653
83743
83792
83866
83946
83947
83968
83997
84020
84053
84231
84563
84567
84575
84645
84846
84850
85015
85038
85145
85230
85242
85324
85369
85473
85481
85757
85800
85923
86100
86228
86349
86483
86523
86598
86771
86886
86926
87018
87028
87071
87106
87130
87152
87185
87444
87688
87977
88160
88173
88179
88237
88239
88255
88597
88629
88664
88695
89043
89190
89401
89404
89558
89615
89649
89927
89974
90027
90044
90054
90068
90247
90332
90495
90514
90538
90595
90774
90854
91125
91167
91270
91292
91371
91555
91862
91882
91908
92038
92049
92145
92263
92411
92452
92490
92572
92697
92810
92846
92944
93013
93028
93138
93158
93185
93354
93412
93443
93665
93789
93799
94086
94159
94317
94497
94530
94640
94703
94826
95160
95203
95274
95300
95368
95421
95521
95713
95967
96067
96211
96292
96318
96349
96364
96389
96634
96712
96756
96796
96843
96855
97045
97243
97287
97308
97552
97582
97727
97767
97779
97981
97991
98106
98176
98249
98454
98493
98588
98812
98921
99009
99070
99256
99351
99423
99485
99561
99579
99851
99868
99903
99939
100019
100263
100679
100725
100761
101008
101183
101192
101232
101233
101446
101687
101723
101780
101813
101903
101979
102033
102273
102426
102540
102615
102643
102657
102758
102842
103125
103243
103433
103492
103512
103533
103662
103718
103758
103826
103901
104068
104172
104233
104301
104308
104328
104344
104404
104633
104802
104946
104972
105015
105086
105115
105217
105243
105254
105295
105333
105486
105494
105557
105705
105729
105844
105868
106186
106235
106257
106282
106426
106502
106687
106792
107031
107055
107164
107208
107659
107827
107869
108136
108156
108277
108316
108393
108409
108420
108508
108513
108570
108669
108808
108897
108909
108988
109103
109281
109392
109576
110110
110140
110159
110353
110475
110510
110783
110798
110863
110964
110987
111118
111223
111247
111290
111307
111371
111877
112025
112187
112187
112463
112485
112593
112673
113449
113464
113479
113947
113951
114086
114637
114657
114780
114810
114855
115028
115085
115094
115201
115359
115596
115656
115891
115959
116086
116107
116453
116523
116765
116809
116831
116844
116909
117021
117178
117242
117265
117273
117371
117409
117556
117669
117773
117840
117873
118034
118137
118358
118387
118411
118589
118608
118623
118807
118815
118908
119215
119277
119357
119386
119559
119770
119794
119814
119994
120057
120088
120172
120309
120489
120528
120530
120711
120818
120974
121131
121163
121270
121333
121405
121463
121521
121626
121826
122536
122605
122919
122944
122958
123007
123063
123197
123384
123703
123710
123769
124396
124492
124512
124556
124640
124645
124876
124943
124960
124985
125011
125224
125289
125309
125311
125451
125799
125920
125993
126022
126173
126294
126355
126402
126687
126848
126904
126922
126983
127089
127150
127155
127258
127364
127549
127576
127799
127803
127818
127921
127970
128039
128178
128798
128932
128957
129035
129380
129387
129519
129545
129569
129650
129798
129836
129982
130090
130251
130325
130586
130600
130619
130646
130733
130786
130982
131177
131663
131720
131761
131816
131885
132130
132167
132390
132394
132444
132513
132663
132752
132881
132954
132990
133027
133156
133274
133315
133505
133583
133677
133771
133896
133963
134064
134283
134306
134363
134413
134477
134573
134878
134958
135103
135126
135136
135276
135326
135348
135422
135481
135545
135554
135557
135661
135731
135746
135932
135939
136167
136793
136818
137116
137144
137256
137330
137575
138028
138057
138131
138351
138598
138854
139017
139018
139251
139373
139590
139600
139606
139617
139674
139691
139744
139769
139924
139927
139959
140017
140099
140115
140219
140327
140358
140467
140491
140534
140567
140637
140719
140720
140940
140985
141512
141576
141598
141609
141741
141825
141913
141914
142256
142322
142355
142520
142555
142652
142811
142894
143176
143342
143367
143489
143533
143545
143619
143628
143690
143745
143893
144018
144090
144215
144278
144354
144489
144492
144560
144629
144726
144740
144911
144918
144947
144989
145020
145152
145183
145202
145324
145455
145663
145829
145856
145956
146029
146096
146098
146239
146265
146280
146286
146385
146395
146424
146444
146603
146712
146792
147026
147082
147090
147157
147211
147230
147248
147460
147466
147526
147550
147599
147750
147953
147998
148089
148143
148143
148196
148230
148281
148584
148659
148683
148722
148775
148842
148972
149064
149348
149363
149521
149660
149666
149911
150060
150068
150123
150213
150364
150375
150376
150459
150519
150622
150628
150716
150874
150877
150898
151008
151102
151348
151421
151522
151643
151722
151831
151846
152155
152165
152426
152528
152619
152642
152656
152666
152747
152811
152818
152865
153025
153229
153397
153538
153652
153731
153755
153772
153853
154045
154114
154428
154516
154576
154711
154730
154738
155093
155249
155269
155635
155957
156046
156153
156231
156235
156277
156361
156466
156686
156753
156795
156811
157009
157028
157032
157032
157126
157263
157275
157500
157707
158172
158338
158463
158635
158686
158923
158980
158997
159162
159188
159258
159264
159573
159636
159637
159644
159698
159826
159914
159919
159925
160020
160070
160204
160507
160604
160636
160961
161033
161104
161211
161233
161280
161490
161815
162072
162248
162453
162478
162484
162818
162826
162866
162991
163034
163166
163652
163668
163768
163852
164149
164256
164285
164391
164394
164402
164634
164689
164717
164776
164832
165130
165174
165252
165264
165545
165593
165636
165658
165860
165966
166238
166317
166411
166430
166518
166733
166750
167066
167097
167294
167380
167567
167587
167845
167854
167862
168032
168128
168135
168262
168416
168576
168668
168680
168697
168768
168775
168818
168838
168854
168876
168894
169091
169117
169279
169330
169488
169559
169638
169845
169917
170029
170041
170057
170248
170447
170721
170884
170910
170945
171020
171045
171187
171198
171247
171313
171461
171478
171544
171705
171860
171873
171922
171994
172142
172228
172394
172516
172546
172721
172919
172996
173012
173076
173161
173206
173243
173305
173573
173589
173760
173930
173939
173978
174109
174161
174180
174242
174254
174538
174572
174942
174947
175053
175262
175371
175388
175417
175434
175539
175787
175944
176131
176136
176206
176225
176250
176264
176294
176408
176504
176697
176727
177088
177223
177345
177515
177581
177636
177646
177967
178152
178162
178207
178455
178586
178695
178787
178847
178886
178901
178938
178960
178988
179089
179214
179249
179296
179433
179472
179668
179690
179898
179940
179940
180091
180200
180231
180305
180758
181087
181111
181123
181210
181225
181271
181285
181353
181464
181749
181815
181937
182223
182457
182539
182562
182616
182648
182687
182731
182829
182950
182950
183075
183152
183330
183367
183373
183529
183628
183661
183756
183766
184036
184110
184163
184406
184418
184514
184636
184643
184764
184816
185322
185384
185431
185692
185720
185968
185988
186043
186093
186241
186264
186351
186360
186457
186576
186662
186727
186757
186781
186987
187032
187343
187415
187415
187427
187502
187937
187948
187982
188212
188214
188316
188513
188532
188577
188590
188753
189062
189132
189206
189330
189339
189412
189435
189494
189500
189536
189655
189692
189852
190017
190066
190163
190260
190294
190353
190425
190426
190457
190687
190713
190934
191110
191111
191131
191137
191324
191600
191659
191662
191687
191687
191790
191947
191953
192119
192174
192196
192320
192377
192442
192538
192659
192910
192972
193117
193554
194042
194164
194318
194449
195089
195101
195157
195211
195246
195387
195405
195582
195848
195935
195971
196029
196041
196296
196502
196556
196699
196799
196924
196979
196983
197027
197538
197627
197642
197828
197975
198137
198138
198269
198509
198725
198731
198737
198879
199068
199300
199447
199693
199898
200302
200376
200450
200519
200628
200699
200783
200836
201248
201279
201287
201290
201390
201443
201445
201523
201624
201634
201738
201980
202086
202569
202734
202844
202851
202897
202914
203171
203210
203273
203295
203442
203503
203540
203549
203608
203919
203962
204274
204553
204567
204639
204819
204879
205082
205337
205431
205522
205632
205651
205689
205700
205743
205759
205898
205949
206123
206250
206285
206323
206341
206399
206535
206567
206672
207040
207060
207092
207272
207313
207426
207488
207729
207768
207856
207909
207921
208022
208120
208320
208339
208412
208556
208653
208846
208901
209086
209465
209532
209624
209660
209668
209695
209741
209824
209876
209902
209934
209964
210272
210364
210484
210546
210627
210712
210978
211126
211134
211276
211427
211468
211501
211504
211565
212162
212216
212228
212378
212468
212512
212539
212870
213141
213161
213184
213306
213310
213532
213608
213680
213734
213892
213961
213991
214050
214175
214208
214217
214252
214382
214416
214480
214498
214499
215010
215065
215087
215183
215497
215510
215568
215571
215584
215749
216113
216177
216364
216417
216805
216860
216886
216944
216974
217010
217070
217140
217150
217150
217160
217175
217294
217540
217565
217695
217709
217729
217987
218122
218198
218205
218232
218332
218407
218440
218504
218518
218537
218570
218681
218809
218843
218853
218988
219076
219134
219248
219281
219295
219413
219543
219547
219802
219813
219910
220031
220138
220150
220337
220477
220562
220580
220747
220804
220910
220938
221129
221271
221346
221385
221479
221488
221552
221573
221644
221821
221994
222208
222290
222376
222397
222428
222515
222565
222717
222941
223141
223196
223378
223420
223445
223482
223537
223561
223859
223917
223969
224026
224056
224084
224307
224339
224436
224455
224468
224508
224535
224554
224684
224935
225286
225476
225480
225555
225590
225742
225772
225825
226046
226188
226205
226219
226236
226303
226396
226451
226634
226938
227130
227135
227140
227164
227281
227333
227352
227482
227586
227664
227902
228095
228117
228229
228255
228272
228476
228541
228636
228733
228946
229075
229105
229240
229285
229368
229814
229884
230007
230044
230056
230300
230335
230358
230410
230481
230542
230809
230822
230838
230845
230944
231047
231107
231131
231173
231426
231432
231560
231610
231959
231993
232000
232026
232071
232074
232078
232185
232264
232287
232563
232954
232985
233071
233094
233111
233248
233274
233275
233388
234118
234446
234501
234604
234621
234671
234781
234788
234862
235229
235285
235427
235461
235667
235849
235942
236212
236330
236337
236405
236506
236561
236565
236570
236655
236712
236816
236886
237011
237117
237153
237294
237503
237586
237684
237702
237934
238098
238321
238348
238380
238446
238497
238577
238586
238592
238758
239104
239283
239286
239428
239571
239655
239815
239943
240023
240027
240049
240152
240210
240551
240671
240745
240986
241078
241154
241165
241379
241479
241523
241543
241631
241683
241842
242009
242052
242091
242125
242220
242251
242460
242542
242789
242815
242865
242953
243166
243236
243355
243680
243797
243859
244003
244053
244132
244237
244258
244328
244459
244517
244523
244943
244978
245005
245205
245440
245485
245556
245596
245615
245714
245754
246095
246191
246244
246437
246467
246496
246637
246666
246812
246920
246949
246959
247125
247309
247325
247329
247418
247435
247454
247520
247636
247881
247959
248195
248237
248330
248545
248687
249076
249156
249163
249166
249190
249593
249604
249663
249790
249875
249904
249916
250010
250040
250439
250462
250465
250757
250789
250856
250885
250918
250970
251046
251090
251130
251177
251237
251396
251462
251511
251522
251575
251682
251691
251853
251867
251942
252072
252160
252198
252241
252279
252472
252486
252572
252605
252798
252967
253145
253197
253329
253411
253634
253727
254083
254115
254161
254209
254223
254256
254347
254381
254445
254775
254877
254904
255087
255191
255260
255361
255604
255693
255804
255822
256094
256307
256423
256597
256630
256645
256849
256849
256942
257130
257165
257254
257295
257699
257769
257889
257901
258154
258183
258281
258313
258570
258613
258623
258631
258837
258931
258932
259007
259045
259062
259131
259166
259294
259407
259466
259737
259752
260047
260174
260256
260311
260376
260629
260645
260700
260759
260839
260944
260957
261019
261043
261150
261301
261335
261400
261503
261505
261686
261769
261786
261859
261988
262153
262235
262291
262301
262397
262448
262466
262501
262569
262608
262648
262944
262976
262990
263021
263106
263127
263178
263487
263530
263561
263597
263627
263660
263710
263809
264099
264389
264732
264745
264874
264966
265035
265036
265082
265163
265246
265272
265296
265509
265510
265525
265616
265729
265773
265959
265967
266061
266131
266222
266279
266360
266532
266620
266734
266803
266816
266852
267047
267278
267286
267420
267440
267444
267469
267545
267617
267664
267914
268055
268131
268175
268239
268280
268303
268306
268461
268643
268864
269034
269081
269117
269183
269277
269336
269433
269532
269707
269802
269865
269896
269923
270061
270319
270326
270410
270545
270596
270659
270763
270882
270955
271141
271163
271651
271659
271978
272105
272242
272362
272374
272474
272727
272756
272822
272902
273095
273126
273174
273179
273190
273201
273363
273402
273423
273576
273599
273710
273780
273830
273952
273982
274050
274057
274076
274347
274364
274453
274493
274580
274752
274792
274904
275012
275112
275193
275276
275348
275853
276599
276734
276744
276784
276804
276837
277018
277039
277296
277469
277486
277488
277493
277525
277685
277689
277993
278053
278070
278275
278282
278310
278335
278393
278457
278775
278840
279406
279600
279791
280012
280447
280476
280541
280636
280849
281000
281039
281056
281085
281276
281396
281740
281749
281766
282206
282296
282310
282382
282487
282788
283069
283205
283370
283598
283654
283682
283760
283933
283988
284069
284322
284526
284697
284820
284831
284832
285238
285299
285336
285378
285667
285684
285724
285750
285756
285796
285860
285862
285945
285954
285990
286036
286381
286419
286504
286525
286567
286594
286737
286802
286861
286877
286891
286917
287279
287313
287335
287513
287826
287884
287939
287990
287991
288116
288123
288133
288173
288512
288606
288943
289076
289161
289194
289499
289536
289557
289557
289683
289982
289999
290002
290094
290123
290173
290294
290306
290399
290476
290518
290620
290724
290746
290819
290846
290860
290875
290886
290959
291151
291340
291480
291548
291700
291763
291785
292001
292036
292122
292160
292166
292229
292308
292390
292542
292559
292562
292617
292729
292909
293057
293097
293286
293363
293488
293656
293868
293939
294288
294366
294450
294547
294616
294633
294685
294776
294784
294899
294913
295044
295081
295130
295163
295174
295289
295382
295456
295537
295669
295785
295989
296092
296094
296162
296164
296291
296379
296477
296557
297034
297064
297087
297304
297399
297504
297515
297557
297725
297852
297952
298180
298226
298297
298319
298387
298401
298518
298537
298581
298779
298802
298807
298851
298882
298969
299087
299089
299214
299291
299429
299444
299472
299483
299560
299589
299640
299735
299796
299829
299884
300042
300126
300129
300263
300334
300420
300535
300928
301113
301218
301609
301632
301665
301720
301723
301974
301982
302048
302727
302779
302908
302996
303125
303154
303161
303169
303272
303368
303483
303485
303695
304024
304161
304303
304491
304597
305183
305200
305271
305741
305774
305781
305782
305807
306168
306213
306948
307060
307356
307409
307434
307447
307542
307632
308039
308168
308288
308548
308573
308574
309113
309116
309118
309295
309420
309460
309624
309680
309775
309820
309912
309947
309989
310111
310151
310362
310425
310559
310600
310673
310875
310916
310953
311060
311203
311282
311447
311590
311595
311791
311943
312185
312203
312238
312268
312401
312666
312925
312973
313070
313148
313256
313606
314036
314066
314101
314368
314417
314463
314472
314530
314670
314933
315179
315194
315246
315422
315502
315581
315698
315715
315829
315843
315923
315995
316108
316221
316347
316390
316479
316863
316964
317079
317195
317278
317545
317559
317612
317655
317816
317839
317945
318018
318146
318146
318321
318676
318798
318904
318919
318925
318960
319064
319159
319197
319347
319528
319531
319533
319558
319574
319658
319758
319758
319790
319902
320219
320277
320717
320935
321045
321218
321234
321354
321379
321382
321406
321537
321559
321585
321801
322205
322235
322272
322523
322563
322713
322720
322730
322992
323188
323205
323225
323372
323425
323430
323473
323556
323763
323861
323886
324008
324054
324200
324207
324239
324327
324407
324481
324588
324602
324739
324830
324837
325132
325168
325207
325240
325258
325336
325650
325660
325697
325724
325793
325871
325922
325942
325968
326024
326262
326267
326448
326485
326589
326600
326631
326774
327005
327122
327162
327230
327273
327287
327383
327562
328086
328187
328327
328358
328361
328404
328410
328427
328448
328547
328649
328806
329163
329385
329392
329441
329507
329809
329942
330057
330185
330340
330368
330369
330400
330416
330638
330664
330975
331029
331093
331175
331182
331204
331230
331269
331302
331457
331623
331744
331797
331827
331863
331988
332003
332167
332321
332380
332457
332465
332577
332589
332621
332636
332837
332917
333041
333141
333257
333521
333530
333546
333585
333701
333815
333821
334020
334124
334171
334447
334633
334649
334699
334755
334912
334974
335241
335301
335321
335345
335644
335787
335864
335887
335906
336067
336093
336151
336159
336206
336353
336407
336584
336604
336620
336634
336766
336807
336942
336971
337156
337161
337204
337398
337679
337985
338099
338109
338242
338245
338250
338372
338469
338631
338892
339121
339124
339194
339394
339686
339795
339836
340134
340142
340652
340890
341003
341131
341245
341344
341364
341381
341436
341703
341826
341883
341926
342123
342359
342443
342642
342684
342857
342873
342880
342947
343192
343237
343299
343447
343487
343563
343730
343913
343993
344084
344483
344513
344612
344674
344811
344836
344992
345012
345134
345151
345182
345274
345512
345552
345856
345892
345897
345967
346063
346120
346185
346189
346493
346625
346978
346998
347417
347431
347602
347624
347655
347725
347758
347897
347906
348143
348412
348425
348555
348624
348757
349049
349137
349175
349359
349514
349676
349678
349845
349960
350176
350287
350373
350376
350578
350694
350741
350967
351175
351235
351415
351444
351492
351671
351837
351850
351870
351980
352061
352066
352195
352260
352476
352483
352536
352686
352868
352903
352926
353239
353341
353545
353740
353793
353859
354225
354832
354967
354983
355058
355066
355253
355373
355404
355404
355507
355787
355964
356068
356222
356245
356398
356598
356751
356871
356986
357004
357074
357207
357316
357837
357962
358190
358197
358213
358534
358613
359000
359079
359139
359471
359574
359616
359620
359634
359652
359703
359744
359745
359749
359755
360026
360068
360249
360288
360471
360476
360527
360672
360685
360739
360752
360856
360912
361019
361020
361072
361088
361246
361260
361728
361869
361880
361915
361976
362011
362089
362091
362241
362252
362404
362538
362655
362661
362667
362735
363230
363262
363495
363503
363582
363909
363919
364305
364602
364633
364666
364818
364851
365065
365104
365147
365149
365150
365156
365191
365299
365365
365599
365619
365702
365731
365833
365869
366062
366076
366077
366107
366124
366148
366209
366229
366268
366300
366339
366427
366489
366559
366657
366814
366851
367354
367388
367440
367505
367681
367729
367759
367960
368010
368099
368112
368276
368410
368433
368455
368488
368519
368601
368613
368628
368868
369180
369237
369290
369308
369322
369443
369563
369695
369776
369795
369887
370109
370381
370459
370463
370544
370606
370701
370889
371172
371191
371222
371505
371753
371777
371870
372232
372232
372270
372345
372687
372731
372782
372830
372877
373087
373111
373525
373554
373633
373636
373643
373689
373852
373934
373943
373990
374005
374078
374184
374204
374296
374399
374458
374508
374526
374551
374571
374660
374669
375074
375120
375478
375545
375581
375724
375753
375776
375835
376123
376211
376230
376275
376418
376440
376565
376639
376648
376704
376757
376912
377064
377078
377122
377156
377159
377290
377295
377343
377487
377648
377927
377936
377975
377989
378478
378506
378799
378953
379075
379395
379546
379550
379620
379768
379791
379824
379931
379979
380321
380435
380596
380650
380697
380828
380929
380935
381140
381309
381454
381627
381843
381951
382054
382405
382515
382576
382770
382812
382815
382964
383296
383302
383362
383368
383419
383453
383494
383499
383604
383695
383808
384027
384075
384121
384156
384201
384209
384617
384820
385051
385110
385132
385133
385317
385374
385456
385532
385640
385711
385782
385918
385946
385974
385998
386041
386103
386135
386177
386352
386358
386458
386590
386691
386802
386949
387099
387305
387356
387527
387775
387883
387917
387925
387957
387983
388134
388520
388576
389210
389301
389410
389546
389613
389700
389809
389852
389901
389925
390029
390112
390321
390382
390461
390507
390551
390809
390931
391114
391453
391475
391509
391546
391681
391697
391712
391934
391936
392084
392252
392344
392454
392583
392613
392681
392831
392916
392934
392971
393060
393309
393398
393628
393772
393810
393851
393976
393999
394121
394125
394188
394275
394296
394384
394528
394544
394587
394778
394920
394995
395092
395312
395375
395427
395498
395921
395973
396152
396170
396239
396360
396381
396669
396728
396870
396883
397050
397342
397368
397374
397382
397395
397472
397615
397638
397644
397657
397896
397999
398117
398123
398392
398398
398462
398470
398593
398639
398812
398975
399006
399054
399070
399201
399633
399657
399841
399867
400029
400349
400712
400733
401157
401304
401332
401436
401561
401599
401610
401622
401763
401799
401858
402116
402121
402311
402332
402467
402469
402521
402622
402634
402721
402748
403061
403131
403191
403211
403214
403340
403419
403511
403594
403759
403796
403807
403866
403964
404047
404156
404188
404219
404409
404413
404447
404816
404877
404940
404971
405004
405040
405194
405446
405641
405723
405797
405890
405950
405966
406000
406002
406043
406065
406115
406198
406201
406345
406820
406847
406869
406923
406943
406948
407002
407053
407285
407301
407325
407357
407391
407427
407512
407709
407761
407845
408012
408106
408209
408420
408783
409014
409060
409088
409164
409224
409251
409546
409742
409846
409964
410028
410030
410049
410356
410493
410525
410560
410617
410626
410642
410772
410854
411179
411388
411509
411559
411575
411627
411834
411883
411883
411888
412087
412144
412327
412428
412537
412715
412827
412866
412931
412933
412990
413188
413240
413291
413296
413411
413531
413538
413569
413609
413693
413747
413790
413792
413833
413886
413927
413994
414166
414170
414175
414246
414259
414267
414272
414334
414401
414449
414488
414710
414774
414777
414907
415026
415355
415357
415419
415483
415748
416008
416516
416630
416650
416681
416774
416785
416857
417104
417257
417357
417513
417531
417793
418152
418200
418203
418244
418324
418520
418813
418905
418920
419092
419127
419536
419540
419557
419559
419650
419657
419679
419760
419850
419879
420162
420258
420563
420588
420628
420629
420759
420831
420885
421002
421096
421197
421217
421259
421331
421412
421468
421495
421520
421678
421782
421790
421868
422148
422172
422348
422516
422684
422798
422866
422901
422935
423340
423489
423540
423735
423745
424009
424338
424345
424646
424814
424857
424891
424949
425014
425109
425143
425246
425307
425365
425403
425415
425453
425488
425542
425637
425648
425663
425744
425850
425952
425962
426077
426109
426253
426256
426626
426667
426720
426799
426910
426990
427159
427173
427295
427329
427425
427432
427486
427544
428050
428087
428203
428288
428322
428343
428728
428774
428959
429067
429081
429327
429340
429423
429460
429642
429709
429734
429831
429977
430120
430187
430399
430477
430634
430823
430901
430957
431166
431279
431400
431544
431666
431735
431877
431893
431976
432035
432077
432083
432137
432164
432184
432275
432404
432413
432417
432462
432468
432664
432840
432944
433172
433187
433202
433217
433224
433458
433518
433552
433645
433724
434074
434123
434171
434375
434377
434384
434464
434467
434861
434906
434986
435196
435277
435278
435364
435551
435653
435787
435788
435859
435894
435896
435901
435985
436003
436113
436203
436379
436492
436528
436589
436662
436947
437086
437136
437163
437422
437450
437516
437971
438020
438044
438068
438167
438182
438226
438476
438569
438574
438610
438643
439134
439158
439229
439255
439318
439380
439583
439609
439654
439813
439857
439884
439919
439930
440126
440276
440363
440488
440683
440692
440845
441019
441095
441100
441237
441375
441383
441448
441476
441575
441637
441864
442029
442041
442060
442197
442314
442332
442407
442689
442710
442712
442768
442779
442811
442993
443026
443092
443252
443408
443538
443919
443981
443999
444080
444232
444307
444312
444367
444683
444802
444930
445085
445087
445192
445262
445480
445585
445589
445644
445704
445940
446172
446327
446339
446420
446465
446628
446657
446704
446730
446737
446866
446890
446942
447148
447301
447309
447355
447522
447588
447703
447721
447786
447830
447987
448091
448162
448249
448312
448369
448496
448504
448592
448613
448631
448704
448735
448776
448828
448891
448923
448936
449056
449075
449079
449183
449203
449220
449228
449312
449443
449457
449561
449641
449726
449851
449933
450016
450071
450078
450118
450179
450279
450424
450459
450464
450618
450726
450752
450787
450964
451000
451019
451138
451168
451245
451263
451317
451419
451442
451491
451578
451623
451666
451865
451905
451983
452233
452264
452380
452467
452539
452636
452752
452800
452887
452938
453341
453405
453497
453631
453993
454057
454250
454382
454447
454467
454707
454818
454867
454892
454904
454995
455121
455148
455197
455301
455598
455613
455731
456013
456048
456155
456248
456446
456467
456565
456773
457099
457121
457158
457466
457509
457532
457722
457797
457804
457836
457977
458095
458125
458153
458287
458582
458764
458923
459016
459207
459214
459230
459278
459624
459650
459741
459759
459879
459993
460128
460158
460238
460288
460311
460347
460515
460579
460654
460655
460680
460729
460735
460914
461044
461066
461070
461220
461250
461477
461492
461569
461714
461771
461891
462016
462087
462095
462224
462279
462311
462413
462513
462542
462581
462617
462664
462670
462903
462938
463275
463440
463575
463651
463652
463661
463826
463885
463976
464111
464309
464356
464381
464511
464525
464730
464771
464850
464946
465009
465094
465110
465242
465277
465335
465396
465419
465488
465532
465932
466002
466045
466135
466194
466431
466511
466736
466783
466831
466844
466861
466895
466967
467083
467098
467133
467184
467218
467274
467301
467308
467322
467357
467462
467568
467594
467632
467868
468038
468217
468292
468434
468443
468445
468495
468528
468623
468704
468792
468812
468845
468862
468868
468918
469009
469088
469112
469220
469391
469487
469778
469890
470164
470321
470416
470451
470468
470549
470663
470717
470857
471140
471175
471297
471299
471497
471682
471897
471935
471965
471992
472009
472138
472201
472337
472652
472976
473004
473191
473324
473360
473601
473666
473764
473785
473806
473866
473887
473895
474057
474098
474156
474208
474223
474320
474483
474561
474911
475183
475480
475617
475655
475829
475848
475987
476023
476273
476348
476359
476364
476374
476447
476578
476608
476620
476725
476752
476987
477051
477295
477685
477756
477876
477894
477909
477956
477971
477973
478018
478088
478100
478104
478183
478275
478316
478369
478587
478902
478924
479115
479164
479405
479599
479716
479723
479787
479789
479800
479868
479956
479969
480039
480143
480162
480217
480290
480419
480459
480679
480723
480731
480759
480771
480778
480858
480976
481037
481290
481666
481885
482033
482153
482202
482257
482561
482710
482823
482863
482928
483152
483274
483502
483628
483705
483780
483919
484047
484242
484411
484439
484484
484717
484785
485070
485096
485149
485244
485477
485497
485520
485579
485707
485808
485972
486007
486010
486021
486044
486315
486430
486536
486540
486540
486668
486725
486730
486808
487027
487032
487121
487151
487254
487338
487385
487484
487635
487690
487762
487838
487852
487880
488017
488153
488236
488240
488282
488505
488841
488964
489016
489375
489569
489603
489699
489726
490087
490130
490307
490447
490515
490519
490553
490584
490633
490717
490772
490893
491091
491671
491671
491699
491771
492013
492057
492087
492166
492307
492369
492395
492461
492489
492557
492604
492803
493086
493092
493419
493524
493526
493565
493568
493707
493813
493901
493951
494583
494697
494722
494813
494838
494926
494967
495240
495247
495250
495451
495632
495633
495743
495755
495788
495814
496144
496332
496365
496518
496649
496975
496985
497032
497038
497221
497461
497529
497558
497709
497940
498349
498984
499151
499187
499196
499224
499422
499460
499992
500062
500083
500106
500120
500602
500665
500872
500968
501059
501111
501294
501380
501392
501394
501402
501446
501629
501645
501679
501702
501791
501824
501868
501964
501985
501990
502114
502144
502494
502592
502613
502745
502823
502842
503033
503360
503532
503637
503695
503765
503801
503840
503886
504055
504334
504336
504446
504476
504500
504619
504877
504931
505311
505389
505513
505894
506038
506128
506228
506437
506609
506747
506926
506958
506967
506976
507109
507188
507373
507596
507663
507797
507818
508018
508077
508136
508144
508299
508300
508307
508320
508460
508511
508646
508664
508685
508757
508859
508927
508953
508987
509066
509070
509186
509328
509349
509413
509432
509472
509495
509512
509561
509778
509791
509953
509982
510548
510663
510695
510702
510740
510781
510845
510937
511006
511038
511184
511233
511353
511450
511496
511608
511613
511666
511727
512062
512251
512320
512413
512453
512523
512680
512726
513092
513136
513400
513539
513560
513683
514089
514119
514155
514310
514409
514519
514575
514622
514683
514769
515006
515050
515091
515187
515379
515404
515472
515555
515833
515897
515906
515909
515939
516073
516086
516177
516261
516301
516321
516353
516357
516425
516454
516580
516794
516835
517078
517179
517324
517418
517461
517648
517725
517728
517773
517841
518010
518130
518240
518293
518801
518877
518916
518982
519023
519230
519245
519255
519260
519455
519457
519501
519565
519866
519898
519942
519949
520044
520139
520235
520382
520438
520454
520613
520625
520757
520875
520939
520976
521092
521138
521168
521178
521184
521290
521401
521482
521810
521822
521843
521940
521945
521960
522078
522223
522274
522744
522769
522939
522939
522947
523062
523071
523105
523291
523348
523509
523514
523917
524269
524284
524287
524439
524561
524616
524710
524835
524858
524934
525108
525333
525594
525681
525760
525871
525944
525960
526076
526109
526115
526177
526192
526456
526590
526612
527065
527213
527258
527315
527514
527546
527771
527797
528051
528110
528133
528326
528591
528604
528633
528708
528793
528893
529220
529317
529358
529514
529548
529619
529689
529755
529884
529928
530053
530122
530180
530191
530256
530359
530444
530465
530486
530493
530500
530637
530643
531243
531259
531325
531376
531443
531472
531594
531596
531866
531893
532009
532254
532272
532546
532613
532620
532645
532679
532702
532841
532843
533007
533041
533057
533275
533438
533545
533782
533884
533944
534070
534154
534196
534238
534256
534401
534464
534599
534603
534622
534666
534786
534799
534892
534980
535054
535067
535124
535157
535378
535433
535474
535576
535588
535864
535936
536005
536074
536185
536267
536386
536417
536459
536489
536615
536707
536713
536739
536888
537159
537328
537440
537464
537548
537594
537835
537859
537873
538125
538196
538296
538325
538375
538511
538611
538645
538659
538665
538686
538686
538713
538768
538870
539198
539290
539354
539433
539478
539608
539682
539786
539796
539808
540011
540141
540291
540368
540384
540654
540701
540881
540935
541012
541040
541055
541071
541253
541264
541404
541424
541454
541577
541610
541825
541900
542153
542174
542221
542284
542342
542461
542463
542468
542812
543001
543172
543174
543187
543301
543323
543398
543589
543755
543820
543841
543862
543885
543899
544089
544092
544147
544428
544456
544718
544726
544752
544866
545034
545198
545275
545447
545510
545569
545623
545649
545695
545706
545758
545780
545822
545844
545988
546341
546367
546394
546432
546432
546448
546508
547216
547304
547420
547453
547486
547554
547686
547930
548166
548209
548283
548425
548701
548717
548808
548894
548937
548971
548975
549075
549259
549449
549461
549695
549809
549890
550031
550072
550883
550950
551024
551050
551149
551437
551697
551729
551811
551831
551845
551890
552001
552222
552277
552341
552385
552465
552733
552807
552913
552974
553023
553046
553208
553269
553281
553394
553803
553967
554092
554124
554407
554439
554595
554690
554730
554772
554938
554966
554968
554976
554990
554993
555033
555063
555145
555236
555472
555580
556020
556130
556228
556315
556691
556728
556789
557049
557068
557098
557122
557339
557606
557710
557712
557722
557727
557751
557828
557834
557841
557890
557940
558129
558179
558317
558324
558373
558398
558568
558618
558667
558894
559076
559209
559298
559540
559545
559663
559696
559718
559944
559951
559973
560158
560204
560386
560456
560498
560595
560640
560682
560707
561223
561279
561620
561675
561727
561767
561780
561831
561843
561872
562032
562118
562153
562169
562231
562242
562246
562316
562326
562408
562425
562433
562489
562494
562499
562742
563294
563561
563593
563607
564000
564102
564129
564270
564285
564595
564713
564780
564832
564859
564975
565099
565299
565559
566019
566070
566108
566143
566214
566263
566312
566321
566570
566775
566966
567036
567131
567178
567280
567401
567418
567455
567767
568057
568101
568262
568490
568609
568738
568903
568948
569235
569284
569425
569459
569614
569644
569694
569951
570040
570046
570156
570193
570268
570349
570355
570477
570626
570674
570680
570745
571172
571262
571371
571373
571824
571854
571974
572169
572210
572303
572595
572914
572980
573031
573050
573109
573220
573230
573241
573510
574098
574224
574300
574311
574448
574478
574507
574602
574628
574692
574725
574910
574952
574983
575207
575311
575339
575515
575551
575564
575890
575950
575964
575977
576215
576266
576278
576519
576614
576639
576665
576682
576766
576957
577209
577215
577257
577286
577483
577702
577736
577791
577793
578069
578086
578098
578164
578263
578284
578327
578433
578535
578557
578822
578868
578889
578896
578962
579211
579257
579292
579306
579401
579478
579553
579562
579709
579730
579738
579750
579881
579900
579924
580061
580077
580089
580172
580179
580237
580467
580513
580631
580721
580838
580923
581222
581448
581451
581505
581513
581547
581767
581775
581908
582076
582186
582287
582307
582333
582372
582478
582603
582693
582809
583086
583309
583586
583640
583706
583709
583746
583784
583787
583798
584089
584279
584435
584447
584592
584623
584742
584978
584986
585054
585218
585279
585360
585411
585424
585487
585502
585645
585694
585713
585880
585911
585949
586209
586340
586460
586675
586781
587128
587248
587313
587562
587638
587729
587736
587810
587913
587925
587999
588015
588096
588162
588169
588192
588211
588240
588317
588455
588465
588597
588628
588639
588650
588711
589030
589374
589393
589398
589533
589619
589650
589711
590051
590185
590294
590294
590415
590862
590864
590870
590891
591009
591011
591108
591225
591536
591778
591793
591795
591875
591910
591929
591961
591989
592009
592024
592125
592372
592475
592622
592742
592847
592853
592859
592914
592925
593046
593087
593135
593422
593604
593633
593684
593798
593915
593990
593993
594059
594142
594178
594342
594521
594603
594747
594816
594876
594929
595105
595183
595310
595390
595588
595643
595959
596031
596180
596240
596270
596287
596338
596567
596568
596640
596672
596727
596895
596974
597284
597428
597556
597591
597709
597709
597841
598103
598140
598156
598279
598293
598339
598452
598503
598589
598798
598807
598867
598886
598990
599049
599148
599183
599198
599451
599451
599452
599502
599547
599732
599782
599872
599903
600017
600373
600397
600446
600522
600587
600592
600659
600757
600839
600976
601053
601068
601095
601150
601321
601485
601541
601708
601813
601869
602078
602142
602206
602379
602516
602531
602577
602635
602771
602812
602926
602949
603272
603308
603338
603347
603356
603634
603760
603930
603963
604065
604110
604181
604209
604257
604455
604577
604674
604705
604767
604816
604902
605003
605172
605200
605480
605526
605540
605988
606071
606098
606106
606174
606213
606255
606269
606288
606343
606392
606491
606512
606679
606890
606906
606938
607323
607606
607744
608006
608057
608223
608312
608395
608577
608623
608693
608741
608845
608963
609107
609227
609586
609689
609780
609841
609905
609960
610008
610018
610314
610331
610332
610339
610359
610444
611010
611111
611250
611445
611462
611556
611563
611581
611933
611941
612077
612278
612310
612313
612401
612402
612533
612596
612650
612698
612907
612930
612989
612995
613132
613255
613309
613604
613665
613673
613682
613783
613829
613860
613896
613996
614029
614060
614202
614419
614565
614634
614676
614768
614785
614787
614787
614913
614959
615000
615198
615245
615472
615553
615681
615854
615988
616284
616625
616697
616716
616782
616874
616976
617155
617175
617284
617313
617442
617457
617499
617503
617809
617918
617935
618107
618134
618191
618201
618201
618343
618434
618456
618517
618599
618636
618774
618815
618820
618850
618852
618860
618913
619151
619285
619762
619862
620148
620246
620326
620382
620382
620492
620633
620756
620850
620897
621102
621195
621321
621345
621420
621449
621525
621553
621928
622116
622124
622213
622342
622673
622730
622881
622938
622972
623085
623144
623155
623200
623319
623421
623666
623693
623798
623802
623891
623994
624077
624101
624173
624216
624334
624381
624458
624639
624970
625024
625144
625161
625370
625415
625525
625589
625708
625738
625919
626265
626288
626412
626418
626511
626515
626763
626810
626885
627000
627071
627183
627251
627352
627354
627449
627575
627724
627744
627851
627964
627985
628029
628167
628253
628339
628369
628573
628714
628720
629076
629308
629350
629369
629455
629477
629538
629687
629696
629725
629880
629996
630155
630156
630174
630219
630223
630263
630351
630405
630453
630454
630493
630528
630896
630932
630948
630972
630972
631114
631338
631372
631450
631519
631873
631933
631979
632002
632153
632173
632210
632449
632594
632834
632883
632918
632944
633076
633143
633155
633267
633368
633515
633560
633595
633667
633923
633945
634316
634461
634654
634890
635121
635192
635210
635306
635646
635794
635849
636209
636288
636358
636359
636527
636639
636651
636666
636685
636708
636726
636746
636894
636897
636936
637032
637073
637266
637353
637373
637375
637455
637493
637678
638497
638578
638603
638608
638611
638639
638679
638709
638709
638751
638879
638965
638966
639068
639217
639494
639763
639848
639860
639870
639974
640044
640153
640290
640298
640374
640432
640433
640433
640445
640723
640981
641201
641269
641299
641491
641955
642019
642162
642197
642407
642418
642642
642721
642775
642804
642911
643096
643613
643688
643738
643751
643756
643792
644050
644075
644119
644315
644449
644569
644609
644670
644888
645351
645479
645541
645720
645741
645743
645914
645925
645980
646141
646413
646602
646634
646713
646969
647005
647335
647458
647474
647505
647572
647630
647689
647742
647882
648530
648761
648816
648846
648852
648853
648976
649152
649198
649430
649433
649448
649656
649668
649837
649945
649967
650036
650077
650079
650139
650149
650175
650234
650256
650359
650467
650478
650489
650590
650731
650748
650927
651073
651076
651204
651396
651445
651495
651596
651675
651761
652261
652334
652355
652371
652468
652543
652623
652647
652884
653032
653120
653127
653131
653254
653266
653339
653363
653364
653459
653571
653678
653825
653829
653835
653944
653965
654365
654398
654449
654532
654535
654737
654765
654859
655066
655068
655095
655458
655569
655576
655598
655670
655865
656033
656102
656260
656268
656403
656465
656740
656751
656906
656920
657043
657262
657284
657337
657542
657644
657826
657896
658021
658032
658220
658358
658613
658673
659040
659043
659208
659299
659332
659366
659383
659551
659679
659798
660167
660288
660306
660392
660534
660581
660825
660925
660964
660993
661035
661044
661131
661148
661230
661262
661322
661354
661386
661533
661705
661815
661830
661993
662022
662049
662123
662150
662231
662293
662325
662425
662483
662753
662775
663080
663435
663466
663563
663567
663640
663675
663722
663749
663825
663894
663905
664149
664212
664602
664756
664829
664844
664962
665259
665269
665415
665473
665527
665581
665644
665950
666049
666267
666326
666371
666447
666452
666552
666745
666774
666802
666856
666865
667144
667156
667187
667309
667347
667671
667749
667773
667866
667879
667910
668052
668128
668325
668380
668573
668587
668611
668638
668666
668702
668734
668795
668798
668895
668931
668983
669140
669270
669333
669495
669510
669528
669533
669716
669753
669852
670151
670188
670318
670484
670781
670814
670885
671154
671166
671183
671453
671471
671706
671738
671961
671988
672021
672030
672353
672501
672662
672692
672698
672755
672755
672852
672853
673059
673264
673287
673369
673402
673447
673521
673628
673791
674138
674272
674340
674426
674471
674506
674601
674611
674859
675015
675248
675416
675502
675625
675772
675971
676009
676042
676045
676072
676197
676213
676270
676285
676344
676365
676416
676439
676475
676753
676766
676777
676837
677088
677212
677238
677411
677429
677461
677575
677612
677645
677735
677779
677915
678006
678107
678317
678521
678803
678863
678954
679000
679056
679403
679426
679494
679531
679614
679758
679932
679941
679980
680071
680117
680138
680273
680297
680379
680507
680522
680710
680836
680837
680993
681316
681344
681446
681654
681725
681787
681813
681964
681992
682110
682252
682290
682353
682524
682629
682760
682760
682924
682994
682995
683006
683037
683118
683256
683272
683297
683305
683455
683462
683532
683549
683791
683934
684076
684355
684473
684493
684534
684561
684692
684705
684956
684964
685154
685169
685285
685328
685451
685484
685646
685779
685804
685816
686026
686051
686137
686260
686261
686295
686430
686552
686565
686841
686878
686986
687111
687324
687426
687533
687559
687564
687646
687723
687734
687761
687806
687939
688009
688340
688345
688815
688839
688864
688924
689150
689212
689276
689335
689351
689428
689467
689609
689683
689723
689775
689806
689839
689984
690009
690069
690143
690146
690246
690589
690676
690680
690874
690954
691090
691110
691145
691201
691360
691383
691743
691745
691776
691940
692002
692141
692295
692295
692339
692560
692600
692679
692766
692839
692872
692975
693019
693260
693302
693514
694084
694088
694133
694271
694457
694490
694557
694742
695145
695429
695557
695558
695659
695853
695973
696048
696094
696117
696308
696463
696512
696660
696779
696793
697118
697158
697257
697502
697541
697564
697610
697775
697790
697830
697893
698176
698218
698233
698293
698295
698464
698558
698571
698762
698870
698957
699268
699278
699374
699423
699436
699503
699548
699589
699595
699637
699694
699715
699732
700385
700588
700603
700615
700643
700909
700913
700934
701213
701268
701272
701308
701358
701428
701675
701791
701806
701947
702010
702035
702053
702063
702195
702302
702443
702529
702727
702733
702788
702827
702930
702972
703142
703284
703736
704019
704323
704482
704573
704656
704676
704737
704790
704984
705017
705047
705131
705271
705369
705530
705804
705962
706020
706220
706381
706423
706445
706449
706458
706462
706473
706475
706516
706613
706855
707105
707222
707283
707303
707336
707343
707416
707482
707502
707648
707650
708045
708097
708453
708465
708548
708622
708903
708909
709119
709150
709190
709202
709481
709539
709637
709928
709952
710135
710207
710333
710405
710464
710465
710481
710539
710568
710639
710847
711004
711184
711191
711229
711295
711322
711533
711602
711792
711845
711876
711996
711996
712019
712080
712095
712097
712186
712235
712252
712368
712517
712636
712658
712841
713003
713105
713122
713400
713406
713594
713709
713734
713904
714301
714318
714513
714524
714631
714706
714941
715004
715056
715218
715277
715290
715419
715758
715759
715807
715975
716008
716158
716262
716279
716293
716322
716355
716405
716456
716528
716661
716867
716874
717016
717209
717221
717288
717497
717557
717565
717619
717805
717812
717918
717965
718047
718123
718256
718257
718264
718557
718788
718868
718961
719009
719047
719145
719209
719273
719283
719291
719420
719453
719481
719496
719646
719658
719673
719837
719871
719947
720078
720094
720156
720218
720360
720440
720628
720653
720747
721266
721292
721533
721691
721718
721771
721819
721953
722096
722159
722258
722326
722367
722374
722397
722422
722422
722538
722573
722681
722826
722904
722915
722980
723056
723067
723091
723241
723299
723400
723424
723492
723492
723603
723630
723778
724036
724195
724294
724376
724651
724745
724862
724898
724919
724952
724956
724988
725075
725149
725195
725306
725322
725336
725461
725469
725488
725575
725591
725603
725625
725639
725782
725825
726144
726214
726365
726647
726672
726695
726738
726777
726792
726877
726884
726939
727042
727073
727105
727110
727219
727271
727473
727533
727643
727707
727746
727822
727865
728135
728206
728255
728370
728459
728579
728624
728732
728769
728910
728979
729004
729008
729156
729238
729350
729384
729386
729422
729452
729505
729716
729787
729864
729901
730034
730129
730240
730299
730436
730475
730608
730659
730677
730709
730876
731346
731434
731469
731716
731851
731923
732101
732128
732404
732465
732646
732814
732860
733193
733374
733387
733573
733703
733749
733931
734050
734105
734212
734267
734294
734439
734587
734608
734829
734842
734919
734934
734951
735038
735157
735224
735287
735354
735401
735405
735467
735498
735686
735711
735716
735727
735798
736039
736390
736443
736584
736710
736799
736905
736954
736982
737052
737130
737233
737423
737430
737497
737560
737761
737830
737894
738005
738325
738328
738501
738502
738562
739174
739212
739217
739554
739767
740127
740475
740565
741340
741407
741511
742018
742135
742224
742236
742281
742333
742351
742391
742650
742739
742898
743059
743222
743546
743902
743928
743965
744002
744107
744219
744291
744740
744879
744963
744981
745201
745248
745274
745280
745310
745475
745478
745547
745662
745722
745747
745882
745914
745923
745937
745947
746174
746315
746383
746429
746546
746605
746624
746696
746813
747001
747191
747217
747619
747706
747775
747786
747829
748002
748141
748199
748230
748364
748370
748380
748400
748651
748728
749091
749184
749220
749222
749307
749439
749521
749591
749734
749823
749862
749944
750044
750075
750147
750367
750411
750521
750532
750671
750747
750783
750863
750909
750952
751212
751276
751333
751860
751961
751969
752055
752170
752234
752256
752299
752375
752389
752501
752545
753034
753145
753382
753477
753484
753625
754081
754123
754177
754221
754260
754341
754381
754425
754702
754728
754733
755198
755238
755246
755269
755382
755395
755414
755435
755436
755438
755454
755509
755703
755714
755950
755958
756051
756109
756128
756161
756197
756326
756410
756493
756693
756761
756820
756880
756946
757042
757097
757140
757458
757620
757677
757686
757753
757791
757806
757867
757869
757884
757891
757895
758159
758276
758289
758391
758432
758805
758906
758955
759069
759119
759133
759183
759501
759672
759678
759680
759682
759873
759920
759934
759974
759990
760227
760264
760389
760789
760813
760939
761222
761225
761526
761704
761712
761764
761797
761840
761859
762082
762136
762181
762244
762402
762543
762716
762803
763032
763048
763262
763454
763532
763759
763798
763848
763863
764125
764162
764245
764246
764320
764346
764520
764715
764806
764845
764979
765213
765223
765350
765374
765508
765720
765725
766022
766215
766254
766517
766547
766594
766966
767084
767325
767521
767637
767709
767843
767851
767967
768024
768187
768221
768307
768310
768471
768540
768595
768596
768793
768984
769282
769288
769388
769462
769478
769484
769503
769591
769677
769744
769888
769976
769978
770034
770040
770043
770044
770206
770215
770218
770293
770432
770473
770603
770685
770713
770725
771200
771270
771271
771291
771362
771531
771535
771738
771795
771916
771969
772017
772029
772053
772523
772595
772715
772716
772730
772792
772806
772853
772872
772892
772912
773096
773237
773299
773327
773433
773625
773647
773707
773728
773853
773995
774067
774181
774266
774304
774438
774450
774521
774599
774625
774836
775106
775177
775341
775379
775574
775811
775876
776030
776109
776144
776261
776399
776429
776451
776490
776509
776514
776859
776982
777033
777046
777313
777338
777495
777622
777639
777774
777848
777965
778021
778173
778271
778344
778359
778371
778480
778758
778834
778858
778871
779057
779173
779193
779247
779265
779275
779362
779562
779710
779748
779943
780143
780224
780452
780525
780586
780592
780599
780800
780895
781008
781184
781348
781402
781480
781714
781714
781772
781831
781906
781959
782026
782077
782086
782153
782226
782246
782390
782495
782604
782621
782682
782766
782791
782847
783078
783186
783227
783241
783379
783600
783651
783655
783764
784273
784310
784372
784488
784514
784580
784597
785008
785014
785019
785105
785368
785445
785520
785538
785567
785653
786013
786016
786208
786275
786299
786308
786404
786437
786502
786531
786567
786706
786834
786970
787048
787136
787146
787219
787238
787336
787472
787518
787593
787719
787942
788004
788202
788216
788582
788643
788717
788736
788793
789010
789174
789256
789286
789290
789324
789445
789746
789829
789879
789901
789956
790162
790370
790574
790667
790713
790788
790850
790954
791121
791158
791374
791495
791669
791766
791830
791851
791950
792051
792091
792102
792158
792288
792424
792467
792508
792542
793030
793065
793315
793510
793549
793605
793632
793641
793653
793866
793957
794062
794144
794293
794432
794442
794904
794987
795326
795437
795463
795564
795635
795643
795849
795907
795978
796031
796256
796290
796428
796450
796532
796660
796716
796810
797056
797141
797161
797280
797282
797313
797390
797404
797430
797665
797728
797975
797992
798011
798049
798057
798141
798181
798196
798381
798513
798610
798703
798949
798960
799326
799382
799442
799461
799515
799884
799998
800411
800431
800523
800526
800586
800887
800902
800924
801182
801329
801424
801537
801722
801873
801903
801970
801990
801996
802068
802197
802280
802294
802327
802393
802630
802837
802842
802880
802881
802890
802998
803083
803369
803451
803502
803631
803677
803736
803765
804045
804088
804101
804160
804161
804427
804438
804521
804564
804651
804709
804791
804806
804875
804934
804991
805007
805122
805175
805250
805440
805462
805789
805976
806074
806136
806409
806449
806501
806660
806671
806830
807098
807183
807273
807284
807390
807401
807434
807454
807815
807873
807875
808207
808209
808343
808357
808496
808520
808548
808826
808910
809025
809102
809322
809361
809402
809459
809529
809563
809598
809600
809657
809679
809831
809940
809946
809958
810093
810101
810229
810393
810511
810525
810528
810580
810605
810905
810951
811007
811119
811191
811250
811462
811526
811704
811795
811882
812002
812013
812047
812072
812102
812578
812625
812669
812792
812824
812832
812861
812962
812979
813009
813380
813417
813498
813555
813634
813652
813777
813852
813856
814037
814042
814057
814106
814290
814360
814497
814521
814548
814583
814640
814693
814781
814787
814944
814954
814965
815174
815290
815337
815354
815372
815373
815445
815483
815536
815713
815737
815802
815859
815933
815936
815972
816004
816006
816031
816078
816306
816472
816591
816746
816797
817050
817088
817548
817735
817833
817984
818016
818067
818161
818429
818564
818654
818778
818817
819046
819106
819115
819317
819416
819546
819673
819685
820232
820266
820406
820423
820461
820486
820497
820884
820913
821120
821360
821394
821499
821838
821959
822148
822182
822221
822267
822296
822349
822412
822528
822817
822827
822989
823172
823193
823202
823223
823296
824106
824251
824394
824480
824571
824813
824852
825044
825080
825210
825455
825468
825653
825770
825773
825849
826024
826026
826299
826640
826641
826706
826913
827155
827690
827815
827884
827909
827941
827941
827974
828029
828091
828157
828211
828214
828291
828347
828510
828545
828550
828657
828705
828776
828825
828983
829251
829403
829550
829612
829612
829621
829660
829744
829854
829889
830100
830293
830342
830384
830443
830978
830994
831005
831201
831237
831626
831658
831675
831778
831899
831917
832036
832121
832134
832363
832562
832644
832721
832804
832910
832919
832928
833177
833403
833536
833634
833668
833681
833996
833996
834052
834053
834437
834458
834486
834631
834796
834938
835138
835235
835407
835561
835661
835777
835788
835832
835864
835950
835994
836049
836314
836586
836643
836931
837003
837029
837048
837167
837457
837503
837937
838367
838798
838946
839089
839103
839276
839407
839413
839470
839544
839629
839634
839745
839780
839852
840014
840018
840118
840239
840241
840247
840413
840493
840521
840703
840745
840769
840841
840868
840919
840939
840967
841120
841249
841356
841484
841763
842057
842450
842564
842595
842647
842665
842674
842932
842943
842997
842997
843296
843315
843410
843435
843441
843869
843889
844240
844269
844481
844726
844751
844881
844999
845138
845147
845337
845431
845578
845592
845706
845796
845959
845989
846006
846091
846257
846328
846447
846449
846654
846666
846739
846936
846948
847157
847313
847550
847563
847667
847729
847850
847865
847892
847944
848114
848260
848283
848302
848345
848497
848607
848632
848752
848778
848979
849027
849034
849231
849308
849324
849348
849464
849659
849711
849755
849788
849796
849834
849857
849893
850124
850141
850169
850210
850289
850468
850811
850835
850890
850897
851317
851332
851342
851373
851424
851428
851461
851518
851720
851790
851822
851838
852068
852080
852328
852356
852375
852394
852457
852540
852842
852868
853017
853496
853556
853768
853918
853970
853978
854285
854307
854440
854485
854488
854520
854731
854780
854964
855109
855175
855189
855246
855539
855568
855685
855882
855929
856107
856128
856324
856330
856359
856391
856439
856567
856641
856683
856748
856946
857093
857169
857380
857486
857504
857789
857917
857962
858044
858053
858139
858154
858268
858345
858407
858515
858889
858930
858963
858984
859026
859050
859177
859224
859379
859452
859463
859710
859749
859844
860157
860197
860197
860343
860597
860714
860900
860905
860976
861201
861221
861365
861395
861409
861615
861639
861915
862043
862138
862346
862374
862379
862513
862708
862759
862835
862862
862878
862900
863047
863102
863183
863479
863544
863699
863741
863898
863912
864095
864133
864165
864336
864352
864417
864491
864565
864820
865139
865232
865278
865315
865412
865496
865550
865566
865644
865672
865760
865820
865832
865840
865840
865994
866045
866111
866298
866339
866362
866419
866497
866615
866635
866776
866858
866874
866985
867072
867141
867291
867296
867327
867549
867688
867756
867785
867945
867950
867964
868163
868250
868355
868386
868390
868401
868508
868635
868675
868721
868728
868768
868793
869241
869304
869349
869436
869598
869943
869960
869978
870104
870193
870328
870349
870361
870387
870442
870451
870568
870923
870949
871091
871207
871277
871277
871315
871489
871749
871779
871832
871880
871891
871920
871971
871983
872043
872061
872095
872157
872230
872499
872514
872577
872659
872726
872969
872991
873365
873401
873456
873664
873681
873734
874031
874085
874175
874179
874680
874686
874910
874940
875034
875137
875195
875265
875376
875421
875629
875670
875681
875702
875708
875851
875909
876220
876320
876487
876638
876701
876749
876879
877071
877168
877179
877189
877395
877403
877432
877491
877718
877976
877983
878239
878356
878452
878495
878662
878673
878716
878740
878795
878996
879083
879129
879238
879292
879418
879491
879588
879793
879925
880060
880253
880260
880288
880416
880473
880487
880577
880700
880943
880943
880970
881078
881232
881257
881305
881358
881462
881492
881681
881825
881986
882161
882301
882492
882678
882751
882765
882865
882928
883378
883496
883549
883730
883907
884110
884111
884510
884623
884717
884963
885201
885465
885649
885680
885726
885731
885975
886112
886239
886360
886378
886434
886467
886516
886550
886710
886768
886815
886950
887032
887115
887116
887120
887166
887173
887210
887282
887449
887792
887802
887898
887960
888276
888432
888505
888519
888782
888822
888828
889004
889190
889233
889418
889438
889447
889666
889693
889764
889771
889775
889874
890060
890140
890399
890559
890624
890887
890989
891004
891017
891236
891292
891493
891497
891604
891796
891812
891817
891853
891932
891981
892115
892142
892261
892345
892364
892443
892475
892484
892551
892736
892970
893100
893150
893428
893488
893575
893576
894047
894108
894164
894181
894383
894657
894677
894693
894755
895194
895229
895400
895444
895625
895758
895854
895911
895980
895991
896016
896154
896401
896535
896582
896585
896603
896957
897011
897057
897135
897146
897175
897202
897224
897539
897802
897950
898122
898206
898234
898246
898637
898747
898796
898876
899009
899108
899180
899231
899302
899346
899366
899587
899614
899812
899844
899850
899938
900089
900102
900107
900188
900302
900348
900415
900476
900541
900598
900626
900655
900687
900743
900854
901094
901161
901425
901518
901555
901660
901698
902137
902253
902337
902339
902475
902580
902714
902766
902828
902832
902893
902952
902987
903154
903347
903413
903505
903523
903558
903746
903926
903978
904311
904353
904482
904532
904643
904774
905073
905109
905140
905474
905588
905794
905859
905956
906028
906062
906122
906182
906201
906277
906305
906435
906486
906553
906836
906981
906995
906998
907128
907524
907539
907564
907658
907773
907844
907850
907935
907951
908620
908649
908650
908753
908758
908783
909019
909074
909077
909306
909345
909584
909775
909955
910010
910046
910122
910292
910324
910348
910348
910411
910422
910448
910463
910523
910524
910545
910670
910804
910846
910952
910990
911016
911135
911453
911467
911604
911696
911704
911913
911931
911964
912088
912211
912229
912270
912288
912383
912459
912585
912607
912826
912913
913008
913040
913063
913290
913572
913739
913740
913886
914131
914214
914217
914285
914593
914877
914933
915024
915101
915128
915163
915275
915331
915596
915638
915760
915825
915895
916146
916181
916219
916227
916311
916353
916480
916481
916526
916601
916700
916704
916747
916837
917059
917256
917292
917326
917472
917659
917707
917719
917833
917843
917949
917965
918603
918614
918734
918749
918766
918818
918839
918903
919230
919294
919409
919455
919455
919479
919514
919546
919745
919818
919893
919964
920038
920156
920213
920272
920423
920454
920478
920725
920808
921028
921088
921304
921507
921580
921750
921904
922056
922147
922156
922255
922433
922508
922527
922727
922728
922782
922810
923019
923252
923311
923380
923472
923804
923911
923980
923983
924052
924170
924199
924203
924356
924358
924493
924574
924575
924596
924700
924861
924890
924955
925097
925203
925329
925445
925568
925634
925636
925645
925681
925856
925939
925953
926165
926483
926512
926639
926691
926832
926931
927000
927058
927139
927351
927440
927591
927618
927639
927875
927882
928206
928261
928429
928434
928477
928522
928550
928663
928805
928853
928966
929196
929248
929316
929346
929413
929515
929613
929662
929781
929940
930002
930068
930128
930196
930247
930276
930294
930407
930497
930575
930816
931233
931321
931332
931522
931634
931757
932027
932035
932161
932412
932444
932563
932771
932876
932950
933139
933211
933353
933496
933537
933585
933765
933831
933837
933881
933966
934005
934150
934220
934230
934282
934340
934644
934721
934870
934974
935247
935442
935532
935588
935654
935696
935751
935869
936182
936207
936333
936359
936638
936749
936901
936939
937007
937090
937099
937146
937163
937207
937224
937308
937386
937427
937431
937813
937813
938090
938175
938190
938361
938420
938426
938439
938460
938463
938508
938602
938614
938637
938645
938822
938882
938893
939013
939056
939090
939152
939162
939249
939466
939508
939619
939722
939827
939934
940443
940715
941027
941149
941202
941215
941377
941510
941556
941584
941609
941660
941832
941877
941980
942040
942215
942295
942304
942429
942443
942619
942890
942937
943059
943108
943181
943229
943306
943325
943333
943355
943495
943549
943653
943681
944038
944224
944243
944314
944476
944552
944907
944964
945067
945215
945451
945515
945551
945606
945652
945776
946016
946115
946128
946207
946273
946625
946631
946677
946991
947017
947092
947120
947122
947135
947219
947559
947716
947828
947850
948047
948208
948281
948353
948492
948539
948562
948673
948912
948921
948924
949059
949071
949190
949316
949332
949365
949410
949553
949584
949659
949716
949791
949915
950048
950127
950140
950192
950201
950333
950349
950429
950439
950509
950575
950604
950618
950680
951133
951452
951630
951677
951730
951798
952026
952038
952098
952101
952118
952144
952367
952369
952403
952605
953041
953168
953201
953204
953225
953262
953305
953331
953350
953365
953467
953504
953511
953561
953609
953719
953743
954084
954086
954324
954404
954476
954634
954954
954983
955397
955535
955570
955778
956599
956657
956671
957004
957073
957107
957143
957167
957385
957393
957428
957619
957630
957638
957667
957827
957848
957882
957923
957941
957992
958018
958157
958223
958374
958568
958638
958646
958730
958952
959050
959068
959114
959344
959372
959489
959853
959931
960135
960218
960372
960378
960545
960618
960627
960628
960638
960708
960763
960909
961086
961253
961297
961560
961582
961609
961691
961710
961720
961780
961892
962350
962638
962655
962894
962972
963035
963039
963109
963261
963338
963429
963637
963678
963700
963950
963955
964132
964362
964464
964669
964858
965262
965320
965361
965425
965631
965655
965723
965802
966199
966223
966296
966436
966515
966536
966568
966573
967060
967207
967248
967274
967338
967355
967360
967422
967443
967451
967612
967627
967659
968003
968113
968376
968428
968556
968688
968737
968855
968860
969002
969234
969481
969619
969739
969858
969872
969988
970007
970078
970181
970185
970646
970664
971468
971504
971607
971626
971641
971659
971894
971949
972000
972222
972367
972443
972545
972755
973010
973122
973153
973169
973198
973284
973351
973364
973394
973733
973766
973785
973915
973934
973951
974065
974112
974215
974398
974425
974451
974487
974510
974574
974674
974692
974866
974927
974933
974958
975054
975128
975238
975333
975465
975501
975560
975669
975696
975811
975844
976094
976133
976166
976244
976272
976424
976504
976681
976701
976754
976852
976853
976885
976889
976915
976935
977062
977099
977192
977330
977363
977429
977582
977928
978037
978069
978151
978656
978718
978814
978831
978926
978995
979097
979213
979214
979380
979461
979525
979557
979647
979686
979916
979993
980162
980354
980399
980423
980438
980443
980450
980454
980543
980611
980863
980922
981171
981450
981501
981561
981799
981855
981868
981903
981934
981944
981991
982142
982185
982279
982402
982682
982711
982765
982866
982882
982946
983030
983042
983309
983323
983344
983368
983408
983595
983634
983852
983962
983996
984060
984128
984152
984187
984590
984784
984928
984938
984962
985099
985366
985424
986036
986085
986161
986254
986309
986310
986418
986518
986966
986994
987020
987273
987331
987357
987453
987645
987734
987840
987930
987970
988055
988074
988110
988172
988437
988618
988689
988811
988930
988947
989041
989076
989139
989169
989170
989360
989507
989581
989750
989849
989991
990008
990010
990027
990073
990156
990250
990271
990325
990395
990396
990432
990478
990630
990762
990862
990912
990973
991002
991009
991126
991141
991218
991376
991492
991645
991663
991694
991871
991915
991925
991963
992090
992181
992186
992248
992255
992259
992694
992746
992780
992891
992932
993022
993058
993069
993258
993279
993476
993693
993725
993774
993867
993875
993983
994221
994356
994436
994506
994558
994728
994909
994936
994985
995081
995134
995249
995277
995346
995543
995668
995767
995821
995877
995880
995888
995899
996031
996066
996074
996083
996118
996130
996281
996296
996370
996526
996587
996804
996931
996986
997069
997179
997203
997332
997364
997371
997464
997467
997508
997584
997633
997718
997787
997799
997925
997936
998089
998155
998247
998281
998347
998535
998741
998758
998899
999190
999442
999758
999792
999881
999957
999984
